0.53125000
0.49218750
0.55078125
0.54296875
0.53515625
0.51171875
0.49218750
0.48046875
0.48437500
0.49609375
0.51953125
0.53125000
0.53125000
0.52343750
0.55468750
0.64062500
0.31640625
0.44531250
0.59375000
0.59765625
0.60156250
0.57421875
0.54296875
0.56250000
0.55078125
0.55468750
0.56250000
0.57421875
0.58203125
0.55468750
0.45703125
0.49609375
0.25781250
0.34765625
0.40234375
0.39843750
0.43359375
0.41796875
0.43750000
0.45312500
0.39453125
0.42187500
0.39062500
0.39843750
0.41015625
0.38671875
0.38281250
0.35937500
0.18750000
0.26171875
0.25781250
0.28515625
0.28125000
0.28515625
0.35156250
0.32031250
0.25390625
0.33203125
0.28125000
0.28515625
0.27343750
0.29687500
0.28125000
0.28906250
0.15625000
0.22656250
0.31250000
0.32031250
0.33203125
0.39453125
0.41015625
0.32421875
0.24218750
0.34765625
0.37500000
0.28125000
0.32031250
0.32031250
0.34765625
0.31250000
0.13281250
0.22656250
0.28906250
0.28515625
0.26171875
0.31250000
0.34765625
0.22656250
0.14453125
0.26562500
0.32421875
0.27343750
0.29296875
0.30468750
0.31250000
0.31250000
0.13281250
0.24218750
0.28125000
0.25781250
0.25781250
0.32031250
0.33203125
0.21093750
0.12890625
0.21875000
0.31250000
0.25781250
0.25781250
0.26171875
0.29687500
0.34375000
0.12109375
0.21093750
0.25000000
0.26562500
0.28515625
0.32421875
0.35156250
0.18750000
0.12500000
0.19531250
0.28125000
0.25781250
0.27343750
0.27734375
0.31250000
0.35156250
0.12500000
0.21093750
0.25000000
0.25390625
0.27734375
0.30859375
0.32812500
0.18359375
0.13671875
0.21093750
0.32421875
0.25390625
0.32031250
0.29296875
0.31640625
0.35937500
0.10156250
0.19531250
0.24609375
0.24609375
0.27343750
0.30859375
0.30078125
0.20312500
0.12890625
0.19921875
0.32812500
0.31250000
0.30859375
0.30078125
0.31640625
0.34765625
0.10156250
0.19140625
0.24218750
0.23437500
0.23828125
0.27734375
0.28515625
0.22265625
0.12890625
0.20703125
0.37500000
0.28906250
0.26171875
0.32421875
0.33203125
0.34375000
0.11718750
0.20703125
0.23437500
0.25390625
0.24609375
0.22265625
0.25781250
0.28906250
0.16406250
0.24609375
0.41406250
0.31250000
0.25390625
0.30859375
0.34765625
0.31640625
0.12890625
0.21093750
0.24218750
0.25781250
0.26562500
0.24609375
0.26562500
0.25781250
0.20703125
0.28906250
0.31250000
0.28515625
0.23828125
0.32421875
0.33984375
0.31640625
0.13671875
0.19531250
0.22265625
0.26171875
0.25000000
0.28515625
0.26562500
0.26562500
0.23437500
0.27734375
0.26953125
0.27343750
0.25781250
0.29687500
0.35937500
0.32812500
0.15234375
0.20703125
0.24609375
0.26953125
0.27734375
0.30468750
0.28906250
0.29687500
0.26171875
0.30468750
0.27343750
0.27734375
0.23437500
0.27343750
0.28906250
0.34765625
0.25781250
0.24218750
0.26562500
0.31250000
0.30468750
0.30468750
0.32031250
0.32031250
0.30468750
0.33593750
0.30468750
0.31250000
0.28906250
0.32421875
0.33593750
0.39843750
0.50000000
0.42187500
0.44140625
0.43750000
0.43750000
0.43750000
0.43359375
0.42968750
0.43750000
0.44531250
0.45312500
0.43750000
0.42187500
0.41796875
0.46484375
0.47265625
0.30078125
0.25390625
0.28906250
0.28906250
0.28906250
0.27734375
0.26171875
0.27734375
0.28515625
0.28906250
0.27734375
0.27343750
0.26562500
0.25390625
0.23437500
0.28906250
0.34375000
0.22656250
0.21484375
0.19531250
0.21093750
0.21093750
0.20703125
0.21484375
0.20312500
0.19531250
0.18750000
0.19140625
0.19531250
0.18750000
0.18359375
0.18359375
0.41015625
0.15234375
0.16796875
0.15625000
0.17968750
0.16796875
0.18750000
0.25000000
0.23437500
0.17968750
0.13281250
0.14843750
0.14843750
0.15625000
0.14843750
0.16015625
0.35546875
0.16015625
0.20703125
0.20312500
0.21875000
0.23828125
0.27734375
0.44921875
0.47656250
0.26562500
0.16796875
0.14843750
0.16015625
0.17187500
0.16796875
0.17968750
0.33984375
0.17968750
0.21875000
0.20703125
0.21484375
0.23046875
0.34765625
0.33593750
0.33593750
0.22656250
0.13671875
0.15234375
0.16015625
0.17187500
0.19531250
0.20312500
0.33984375
0.17578125
0.19531250
0.16406250
0.16406250
0.22656250
0.37109375
0.29687500
0.27734375
0.21875000
0.13671875
0.16406250
0.16796875
0.17187500
0.19140625
0.23046875
0.33203125
0.16015625
0.17578125
0.16406250
0.17968750
0.25390625
0.37109375
0.30078125
0.28906250
0.23437500
0.15625000
0.16015625
0.16406250
0.17187500
0.16796875
0.21093750
0.33593750
0.14453125
0.16015625
0.16015625
0.18750000
0.22265625
0.30859375
0.33593750
0.32812500
0.28125000
0.16796875
0.16796875
0.18359375
0.16796875
0.17968750
0.21875000
0.33984375
0.15234375
0.15234375
0.14843750
0.17578125
0.21875000
0.28515625
0.30859375
0.29687500
0.24609375
0.17578125
0.19140625
0.19140625
0.14843750
0.17187500
0.22656250
0.32812500
0.13281250
0.14453125
0.14843750
0.17187500
0.22265625
0.26953125
0.27343750
0.21093750
0.21093750
0.20703125
0.20312500
0.16796875
0.14453125
0.19140625
0.23046875
0.32812500
0.14453125
0.16015625
0.16015625
0.16796875
0.19140625
0.20703125
0.20703125
0.19140625
0.17968750
0.19921875
0.20703125
0.17187500
0.16406250
0.20312500
0.24218750
0.36328125
0.17187500
0.19531250
0.19140625
0.20703125
0.19140625
0.19140625
0.20312500
0.18359375
0.18359375
0.19531250
0.19921875
0.17968750
0.18359375
0.23437500
0.27343750
0.33593750
0.17187500
0.17187500
0.17578125
0.17187500
0.17968750
0.18750000
0.19921875
0.18359375
0.16406250
0.16015625
0.17968750
0.18359375
0.17578125
0.24609375
0.25781250
0.35156250
0.18359375
0.19140625
0.18359375
0.17968750
0.21484375
0.21484375
0.22265625
0.21093750
0.19140625
0.18359375
0.19531250
0.19140625
0.20312500
0.25390625
0.28906250
0.32812500
0.25781250
0.25390625
0.24609375
0.25000000
0.27734375
0.29296875
0.29296875
0.27734375
0.26562500
0.24218750
0.24609375
0.24609375
0.25390625
0.25781250
0.31640625
