-6.01562500
-5.16015625
-5.07031250
-5.04687500
-4.92578125
-4.79296875
-4.69921875
-4.62500000
-4.58593750
-4.61718750
-4.80078125
-4.90625000
-4.95312500
-4.94921875
-4.75781250
-4.52343750
-5.21093750
-3.50390625
-3.91406250
-3.80859375
-3.69921875
-3.63281250
-3.76562500
-4.00390625
-4.05078125
-4.01171875
-3.90625000
-3.91406250
-3.87500000
-3.83984375
-3.28906250
-3.49609375
-5.65234375
-3.63281250
-3.64453125
-3.50000000
-3.35156250
-3.35156250
-3.51953125
-3.58593750
-3.60156250
-3.71484375
-3.71484375
-3.76171875
-3.79296875
-3.69531250
-3.12109375
-3.60546875
-5.61328125
-4.61328125
-4.33593750
-4.54687500
-4.42968750
-4.56250000
-4.49218750
-4.31640625
-4.39453125
-4.66406250
-4.81640625
-4.39062500
-4.44140625
-4.11718750
-3.88671875
-4.09375000
-4.73828125
-4.04296875
-3.96875000
-4.25000000
-3.85546875
-4.00390625
-3.73828125
-3.23437500
-3.26953125
-3.82812500
-4.67968750
-4.31640625
-4.09765625
-3.73437500
-3.73828125
-3.67578125
-4.45703125
-4.02343750
-3.75781250
-3.99218750
-3.55078125
-3.38671875
-3.51171875
-3.71875000
-2.27734375
-3.69531250
-3.87109375
-4.05859375
-3.75781250
-3.61328125
-3.83203125
-3.88671875
-4.69921875
-4.10937500
-4.16015625
-3.98437500
-3.63281250
-3.32421875
-3.32421875
-2.59375000
-1.02734375
-2.72265625
-3.37109375
-3.61328125
-3.56250000
-3.71093750
-4.11328125
-4.16015625
-4.60546875
-4.15625000
-4.09765625
-3.91015625
-3.76562500
-3.42187500
-2.80859375
-1.49609375
-0.05468750
-2.07812500
-2.67578125
-3.43359375
-3.42968750
-3.46093750
-3.91406250
-4.10546875
-4.49218750
-4.09765625
-4.03515625
-4.03906250
-4.11328125
-3.59765625
-3.22265625
-1.43750000
0.10937500
-2.21093750
-2.74218750
-3.57812500
-3.60546875
-3.28906250
-3.86328125
-4.08203125
-4.64062500
-4.24609375
-4.24609375
-4.11718750
-4.06250000
-3.74218750
-3.23828125
-1.91796875
-0.18750000
-2.23828125
-3.30078125
-3.48046875
-3.67187500
-3.56640625
-3.83984375
-4.05078125
-4.48046875
-3.82031250
-3.93750000
-4.00000000
-3.90625000
-3.58593750
-3.37890625
-2.53515625
-0.75781250
-2.15625000
-3.44531250
-3.56250000
-3.24609375
-3.60546875
-4.08203125
-3.97656250
-4.35937500
-3.87500000
-3.71875000
-3.88281250
-3.83203125
-3.43750000
-3.73437500
-3.39453125
-2.00390625
-3.02343750
-3.78906250
-3.50781250
-2.85156250
-3.61328125
-4.28125000
-3.81640625
-4.57421875
-3.87109375
-3.83984375
-3.71484375
-3.82421875
-3.77734375
-3.86718750
-3.90234375
-3.30468750
-3.78906250
-4.17578125
-3.63281250
-3.33203125
-3.82421875
-4.17187500
-3.52734375
-4.50781250
-3.69140625
-3.44531250
-3.66796875
-3.80078125
-3.81250000
-3.79296875
-3.51562500
-3.51562500
-4.00000000
-4.12109375
-3.74609375
-3.86718750
-3.93359375
-4.07421875
-3.66015625
-4.50781250
-3.30468750
-3.49609375
-3.94140625
-3.82421875
-3.93359375
-3.70312500
-3.59765625
-3.53906250
-4.07031250
-4.14843750
-3.85937500
-3.80468750
-3.98046875
-3.84765625
-3.90234375
-4.37890625
-3.28906250
-3.51171875
-4.01562500
-3.93750000
-3.74218750
-3.74609375
-3.66015625
-3.62500000
-3.96875000
-3.90234375
-3.69921875
-3.47265625
-3.45312500
-3.61718750
-3.87890625
