0000000000000001
0000000000000001
0000000000000001
0000000000000001
0000000000000010
0000000000000010
0000000000000010
0000000000000010
0000000000000010
0000000000000010
0000000000000010
0000000000000010
0000000000000010
0000000000000010
0000000000000010
0000000000000010
0000000000000001
0000000000000111
0000000000000101
0000000000000101
0000000000000110
0000000000000110
0000000000000101
0000000000000100
0000000000000100
0000000000000100
0000000000000101
0000000000000101
0000000000000101
0000000000000101
0000000000001001
0000000000001000
0000000000000001
0000000000000110
0000000000000110
0000000000001000
0000000000001001
0000000000001001
0000000000000111
0000000000000111
0000000000000111
0000000000000110
0000000000000110
0000000000000101
0000000000000101
0000000000000110
0000000000001011
0000000000000111
0000000000000001
0000000000000010
0000000000000011
0000000000000010
0000000000000011
0000000000000010
0000000000000011
0000000000000011
0000000000000011
0000000000000010
0000000000000010
0000000000000011
0000000000000011
0000000000000100
0000000000000101
0000000000000100
0000000000000010
0000000000000100
0000000000000101
0000000000000100
0000000000000101
0000000000000100
0000000000000110
0000000000001010
0000000000001001
0000000000000101
0000000000000010
0000000000000011
0000000000000100
0000000000000110
0000000000000110
0000000000000110
0000000000000011
0000000000000100
0000000000000101
0000000000000101
0000000000000111
0000000000001000
0000000000000111
0000000000000110
0000000000010111
0000000000000110
0000000000000101
0000000000000100
0000000000000101
0000000000000111
0000000000000101
0000000000000101
0000000000000010
0000000000000100
0000000000000100
0000000000000101
0000000000000110
0000000000001001
0000000000001001
0000000000010001
0000000001000011
0000000000001111
0000000000001001
0000000000000111
0000000000000111
0000000000000110
0000000000000100
0000000000000100
0000000000000010
0000000000000100
0000000000000100
0000000000000101
0000000000000101
0000000000001000
0000000000001110
0000000000101111
0000000001111100
0000000000011100
0000000000010000
0000000000001000
0000000000001000
0000000000001000
0000000000000101
0000000000000100
0000000000000011
0000000000000100
0000000000000100
0000000000000100
0000000000000100
0000000000000111
0000000000001010
0000000000110001
0000000010000111
0000000000011001
0000000000001111
0000000000000111
0000000000000111
0000000000001001
0000000000000101
0000000000000100
0000000000000010
0000000000000100
0000000000000100
0000000000000100
0000000000000100
0000000000000110
0000000000001010
0000000000100001
0000000001110100
0000000000011000
0000000000001001
0000000000001000
0000000000000110
0000000000000111
0000000000000101
0000000000000100
0000000000000011
0000000000000101
0000000000000101
0000000000000101
0000000000000101
0000000000000111
0000000000001000
0000000000010010
0000000001010001
0000000000011010
0000000000001000
0000000000000111
0000000000001010
0000000000000111
0000000000000100
0000000000000101
0000000000000011
0000000000000101
0000000000000110
0000000000000101
0000000000000101
0000000000001000
0000000000000110
0000000000001000
0000000000011110
0000000000001011
0000000000000101
0000000000000111
0000000000001101
0000000000000111
0000000000000011
0000000000000101
0000000000000010
0000000000000101
0000000000000101
0000000000000110
0000000000000101
0000000000000101
0000000000000101
0000000000000101
0000000000001001
0000000000000101
0000000000000100
0000000000000110
0000000000001001
0000000000000101
0000000000000100
0000000000000111
0000000000000010
0000000000000110
0000000000001000
0000000000000110
0000000000000101
0000000000000101
0000000000000101
0000000000000111
0000000000000111
0000000000000101
0000000000000100
0000000000000110
0000000000000101
0000000000000101
0000000000000100
0000000000000110
0000000000000010
0000000000001001
0000000000001000
0000000000000101
0000000000000101
0000000000000101
0000000000000110
0000000000000111
0000000000000111
0000000000000100
0000000000000100
0000000000000101
0000000000000101
0000000000000101
0000000000000101
0000000000000101
0000000000000011
0000000000001001
0000000000000111
0000000000000100
0000000000000101
0000000000000110
0000000000000110
0000000000000110
0000000000000111
0000000000000101
0000000000000101
0000000000000110
0000000000001000
0000000000001000
0000000000000111
0000000000000101
