1111111111010101
0000000111110000
0000001001100101
0000001010000001
0000001001100110
0000000111110111
0000000110000111
0000000100011111
0000000100010100
0000000100111100
0000000011111000
0000000001110110
1111111111101010
1111111101111000
1111111101110010
1111111000100111
0000000100000001
0000001001111011
0000000111011001
0000000110110100
0000000110000000
0000000100010001
0000000001011100
0000000000000101
0000000000000000
0000000000011001
0000000000011011
1111111111110011
1111111110111001
1111111101101110
1111111100111110
1111110110101111
0000000011100010
0000001000000100
0000000100100010
0000000011110011
0000000011110110
0000000011110101
0000000010110110
0000000001110010
0000000010001101
0000000001111000
0000000010000010
0000000001101010
0000000000101111
1111111111110011
1111111101101001
1111111010001101
0000000000111110
0000000101000101
0000000011100010
0000000010101110
0000000011000010
0000000011010110
0000000010011011
0000000010100011
0000000001101110
0000000000100111
0000000010010100
0000000010010111
0000000010010101
0000000000110100
1111111111000111
1111111010001101
1111111110100000
0000000011001000
0000000000111111
0000000000011010
0000000000101010
0000000000111111
0000000001000011
0000000000001010
1111111110100010
1111111010001000
1111111011000001
1111111111001110
1111111110101110
1111111110111001
1111111101110011
1111111011000001
1111111011001011
0000000011010001
0000000011000100
0000000010001110
0000000010000000
0000000100011110
0000000110001101
0000000011000110
0000000000010100
1111111010001111
1111111001010001
1111111101110010
1111111110001110
1111111110101011
1111111101001000
1111111010100110
1111111010101111
0000000011001100
0000000010100011
0000000010001110
0000000010011110
0000000101010001
0000001000000110
0000000011001011
1111111111100010
1111111010101010
1111111010100010
1111111110010101
1111111110000011
1111111110010100
1111111100101110
1111111010100010
1111111011001100
0000000010101101
0000000010101100
0000000010001111
0000000011010001
0000000101011001
0000001010111001
0000000011101010
1111111111101111
1111111011000000
1111111011000101
1111111101101000
1111111101010010
1111111101110101
1111111100001011
1111111010001100
1111111011010010
0000000010000101
0000000001000001
0000000001011100
0000000010100111
0000000101001010
0000001100010000
0000000100001001
1111111111110011
1111111010001001
1111111010111100
1111111110111110
1111111100100111
1111111101011110
1111111011110110
1111111001110000
1111111011101011
0000000001111011
0000000000110000
0000000001001001
0000000010011111
0000000100000000
0000001001011101
0000000100110101
1111111111010001
1111111010110001
1111111011001100
1111111101111001
1111111101111011
1111111011111111
1111111011001010
1111111001111101
1111111011110111
0000000001101010
0000000000011100
0000000000111101
0000000010001100
0000000011010110
0000000110101111
0000000100111000
1111111111010000
1111111101010100
1111111100011110
1111111111001101
1111111101111001
1111111010101011
1111111011001100
1111111010101000
1111111011110100
0000000001101110
0000000001000001
0000000000101010
0000000001110110
0000000010010011
0000000100100010
0000000011100000
1111111111010100
1111111101011101
1111111100001011
1111111111101111
1111111111001011
1111111011111110
1111111010110100
1111111011001111
1111111011000010
0000000010001101
0000000001100111
0000000001001011
0000000000110011
0000000000110011
0000000001010011
0000000000110011
1111111110111101
1111111110110101
1111111110011001
1111111111100101
1111111111010111
1111111100010010
1111111100011100
1111111011100111
1111111011010100
0000000010010111
0000000001001101
0000000000001110
1111111111111100
1111111111001100
1111111111101000
1111111111110010
1111111110110100
1111111110101001
1111111110101110
1111111111000111
1111111110111000
1111111110001111
1111111101000010
1111111100001010
1111111011010001
0000000010101000
0000000000100101
0000000000110011
0000000000001111
1111111111111100
1111111111110100
1111111111100011
1111111110111011
1111111110111110
1111111111010001
1111111110111101
1111111111001110
1111111110001110
1111111101111100
1111111011101000
1111111010100101
0000000000011100
1111111110101111
1111111110010001
1111111110101111
1111111111011000
1111111110110000
1111111110011110
1111111101110010
1111111101010101
1111111101100001
1111111110000000
1111111110000011
1111111101100010
1111111011101110
1111111010110000
1111111101111101
0000000001000111
0000000001010010
0000000010001001
0000000010000000
0000000010000111
0000000010001000
0000000010000100
0000000010000101
0000000001101101
0000000001110100
0000000001101000
0000000010000011
0000000010001000
0000000010000000
1111111110100010
0000000001010100
0000000000111111
1111111111111101
1111111111110111
1111111111111111
0000000000100010
0000000000111010
0000000000111101
0000000000101111
0000000000100111
0000000000101101
0000000001000100
0000000001001101
0000000001001101
0000000001011010
1111111110011100
0000000000110111
1111111110100101
1111111110010110
1111111110010110
1111111110100011
1111111110101101
1111111110111001
1111111110111110
1111111111001001
1111111110110100
1111111110111110
1111111111011011
1111111111100001
1111111111100110
1111111111010101
1111111110110100
0000000000101001
1111111111110110
0000000000010001
0000000000010011
0000000000101000
0000000000101011
0000000000010011
0000000011010110
0000000100001101
0000000001001000
0000000000001101
0000000000011001
0000000000100010
1111111111111011
0000000000010000
1111111111101000
0000000001100001
0000000000100001
0000000000001010
0000000000010110
0000000000101100
0000000001101011
0000000001011000
0000000111110101
0000001000110001
0000000111000011
0000000001111000
0000000001000010
0000000000100101
1111111111111011
1111111110110010
1111111110111101
0000000000100111
1111111111010100
1111111111111001
1111111111111000
0000000000011101
0000000001100100
0000000010101011
0000000111100000
0000001000011100
0000000110111001
0000000010011101
0000000000100100
0000000000001010
1111111111101110
1111111110100101
1111111101111111
0000000000100111
1111111111000100
1111111111101000
1111111111101110
1111111111101011
0000000000100000
0000000001111110
0000000100111111
0000000100110100
0000000101001110
0000000001110110
0000000000110010
0000000000011100
1111111111111001
1111111110111101
1111111101100010
0000000000101001
1111111110110010
1111111111100101
1111111111100110
1111111111101100
0000000000011000
0000000000001101
0000000001100011
0000000001111100
0000000010111101
0000000000100001
0000000000110001
0000000000101000
0000000000101001
1111111111100100
1111111110001001
0000000001010011
1111111111100010
1111111111011111
1111111111001101
1111111111011101
1111111111001011
1111111110111100
1111111110110011
1111111111101100
0000000000000111
0000000000000110
0000000000011010
0000000000000111
0000000000000101
1111111111010010
1111111110001010
0000000000111101
1111111111010100
1111111111100001
1111111111011101
1111111111100101
1111111110100000
1111111110000010
1111111110000001
1111111110001011
1111111110111110
1111111111101111
1111111111001000
1111111111101111
1111111111110010
1111111110111010
1111111101011011
0000000001001101
1111111111110010
1111111111101111
1111111111110101
0000000000001000
1111111111011100
1111111110001011
1111111100111100
1111111101000000
1111111101100110
1111111101111001
1111111111000000
1111111111011000
1111111111110010
1111111110101111
1111111110000111
0000000000111111
1111111111001011
1111111111100000
1111111111100010
1111111111110111
1111111111100000
1111111110111100
1111111101011100
1111111100010110
1111111100001100
1111111101100011
1111111111001011
1111111111101111
1111111111011001
1111111111000101
1111111110001101
1111111111100001
1111111101111100
1111111111000100
1111111111100010
1111111111011000
1111111111001011
1111111110101011
1111111110010101
1111111101100010
1111111101111110
1111111110011001
1111111110110100
1111111111010100
1111111110010101
1111111110001111
1111111101001001
0000000000001110
1111111111010101
0000000000000100
1111111111100111
1111111111010100
1111111110111111
1111111111010010
1111111111010101
1111111111101100
1111111111011100
1111111111011101
1111111111010101
1111111111100010
1111111111011111
1111111110001010
1111111101110000
1111111101100101
1111111101100011
1111111110110100
1111111110011011
1111111110010101
1111111110010100
1111111110111011
1111111110011100
1111111110110111
1111111110101100
1111111110101010
1111111110010100
1111111111001110
1111111110100000
1111111100110010
1111111011100110
1111111010111010
1111111010110100
1111111101001101
1111111100101001
1111111100101101
1111111100101011
1111111100010111
1111111100010010
1111111100101000
1111111100010001
1111111101000101
1111111100101101
1111111101000101
1111111101000010
1111111011101011
1111111011001100
