-0.16796875
1.93750000
2.39453125
2.50390625
2.39843750
1.96484375
1.52734375
1.12109375
1.07812500
1.23437500
0.96875000
0.46093750
-0.08593750
-0.53125000
-0.55468750
-1.84765625
1.00390625
2.48046875
1.84765625
1.70312500
1.50000000
1.06640625
0.35937500
0.01953125
0.00000000
0.09765625
0.10546875
-0.05078125
-0.27734375
-0.57031250
-0.75781250
-2.31640625
0.88281250
2.01562500
1.13281250
0.94921875
0.96093750
0.95703125
0.71093750
0.44531250
0.55078125
0.46875000
0.50781250
0.41406250
0.18359375
-0.05078125
-0.58984375
-1.44921875
0.24218750
1.26953125
0.88281250
0.67968750
0.75781250
0.83593750
0.60546875
0.63671875
0.42968750
0.15234375
0.57812500
0.58984375
0.58203125
0.20312500
-0.22265625
-1.44921875
-0.37500000
0.78125000
0.24609375
0.10156250
0.16406250
0.24609375
0.26171875
0.03906250
-0.36718750
-1.46875000
-1.24609375
-0.19531250
-0.32031250
-0.27734375
-0.55078125
-1.24609375
-1.20703125
0.81640625
0.76562500
0.55468750
0.50000000
1.11718750
1.55078125
0.77343750
0.07812500
-1.44140625
-1.68359375
-0.55468750
-0.44531250
-0.33203125
-0.71875000
-1.35156250
-1.31640625
0.79687500
0.63671875
0.55468750
0.61718750
1.31640625
2.02343750
0.79296875
-0.11718750
-1.33593750
-1.36718750
-0.41796875
-0.48828125
-0.42187500
-0.82031250
-1.36718750
-1.20312500
0.67578125
0.67187500
0.55859375
0.81640625
1.34765625
2.72265625
0.91406250
-0.06640625
-1.25000000
-1.23046875
-0.59375000
-0.67968750
-0.54296875
-0.95703125
-1.45312500
-1.17968750
0.51953125
0.25390625
0.35937500
0.65234375
1.28906250
3.06250000
1.03515625
-0.05078125
-1.46484375
-1.26562500
-0.25781250
-0.84765625
-0.63281250
-1.03906250
-1.56250000
-1.08203125
0.48046875
0.18750000
0.28515625
0.62109375
1.00000000
2.36328125
1.20703125
-0.18359375
-1.30859375
-1.20312500
-0.52734375
-0.51953125
-1.00390625
-1.21093750
-1.51171875
-1.03515625
0.41406250
0.10937500
0.23828125
0.54687500
0.83593750
1.68359375
1.21875000
-0.18750000
-0.67187500
-0.88281250
-0.19921875
-0.52734375
-1.33203125
-1.20312500
-1.34375000
-1.04687500
0.42968750
0.25390625
0.16406250
0.46093750
0.57421875
1.13281250
0.87500000
-0.17187500
-0.63671875
-0.95703125
-0.06640625
-0.20703125
-1.00781250
-1.29687500
-1.19140625
-1.24218750
0.55078125
0.40234375
0.29296875
0.19921875
0.19921875
0.32421875
0.19921875
-0.26171875
-0.29296875
-0.40234375
-0.10546875
-0.16015625
-0.92968750
-0.89062500
-1.09765625
-1.17187500
0.58984375
0.30078125
0.05468750
-0.01562500
-0.20312500
-0.09375000
-0.05468750
-0.29687500
-0.33984375
-0.32031250
-0.22265625
-0.28125000
-0.44140625
-0.74218750
-0.96093750
-1.18359375
0.65625000
0.14453125
0.19921875
0.05859375
-0.01562500
-0.04687500
-0.11328125
-0.26953125
-0.25781250
-0.18359375
-0.26171875
-0.19531250
-0.44531250
-0.51562500
-1.09375000
-1.35546875
0.10937500
-0.31640625
-0.43359375
-0.31640625
-0.15625000
-0.31250000
-0.38281250
-0.55468750
-0.66796875
-0.62109375
-0.50000000
-0.48828125
-0.61718750
-1.07031250
-1.31250000
-0.51171875
0.27734375
0.32031250
0.53515625
0.50000000
0.52734375
0.53125000
0.51562500
0.51953125
0.42578125
0.45312500
0.40625000
0.51171875
0.53125000
0.50000000
-0.36718750
0.32812500
0.24609375
-0.01171875
-0.03515625
-0.00390625
0.13281250
0.22656250
0.23828125
0.18359375
0.15234375
0.17578125
0.26562500
0.30078125
0.30078125
0.35156250
-0.39062500
0.21484375
-0.35546875
-0.41406250
-0.41406250
-0.36328125
-0.32421875
-0.27734375
-0.25781250
-0.21484375
-0.29687500
-0.25781250
-0.14453125
-0.12109375
-0.10156250
-0.16796875
-0.29687500
0.16015625
-0.03906250
0.06640625
0.07421875
0.15625000
0.16796875
0.07421875
0.83593750
1.05078125
0.28125000
0.05078125
0.09765625
0.13281250
-0.01953125
0.06250000
-0.09375000
0.37890625
0.12890625
0.03906250
0.08593750
0.17187500
0.41796875
0.34375000
1.95703125
2.19140625
1.76171875
0.46875000
0.25781250
0.14453125
-0.01953125
-0.30468750
-0.26171875
0.15234375
-0.17187500
-0.02734375
-0.03125000
0.11328125
0.39062500
0.66796875
1.87500000
2.10937500
1.72265625
0.61328125
0.14062500
0.03906250
-0.07031250
-0.35546875
-0.50390625
0.15234375
-0.23437500
-0.09375000
-0.07031250
-0.08203125
0.12500000
0.49218750
1.24609375
1.20312500
1.30468750
0.46093750
0.19531250
0.10937500
-0.02734375
-0.26171875
-0.61718750
0.16015625
-0.30468750
-0.10546875
-0.10156250
-0.07812500
0.09375000
0.05078125
0.38671875
0.48437500
0.73828125
0.12890625
0.19140625
0.15625000
0.16015625
-0.10937500
-0.46484375
0.32421875
-0.11718750
-0.12890625
-0.19921875
-0.13671875
-0.20703125
-0.26562500
-0.30078125
-0.07812500
0.02734375
0.02343750
0.10156250
0.02734375
0.01953125
-0.17968750
-0.46093750
0.23828125
-0.17187500
-0.12109375
-0.13671875
-0.10546875
-0.37500000
-0.49218750
-0.49609375
-0.45703125
-0.25781250
-0.06640625
-0.21875000
-0.06640625
-0.05468750
-0.27343750
-0.64453125
0.30078125
-0.05468750
-0.06640625
-0.04296875
0.03125000
-0.14062500
-0.45703125
-0.76562500
-0.75000000
-0.60156250
-0.52734375
-0.25000000
-0.15625000
-0.05468750
-0.31640625
-0.47265625
0.24609375
-0.20703125
-0.12500000
-0.11718750
-0.03515625
-0.12500000
-0.26562500
-0.64062500
-0.91406250
-0.95312500
-0.61328125
-0.20703125
-0.06640625
-0.15234375
-0.23046875
-0.44921875
-0.12109375
-0.51562500
-0.23437500
-0.11718750
-0.15625000
-0.20703125
-0.33203125
-0.41796875
-0.61718750
-0.50781250
-0.40234375
-0.29687500
-0.17187500
-0.41796875
-0.44140625
-0.71484375
0.05468750
-0.16796875
0.01562500
-0.09765625
-0.17187500
-0.25390625
-0.17968750
-0.16796875
-0.07812500
-0.14062500
-0.13671875
-0.16796875
-0.11718750
-0.12890625
-0.46093750
-0.56250000
-0.60546875
-0.61328125
-0.29687500
-0.39453125
-0.41796875
-0.42187500
-0.26953125
-0.39062500
-0.28515625
-0.32812500
-0.33593750
-0.42187500
-0.19531250
-0.37500000
-0.80468750
-1.10156250
-1.27343750
-1.29687500
-0.69921875
-0.83984375
-0.82421875
-0.83203125
-0.91015625
-0.92968750
-0.84375000
-0.93359375
-0.73046875
-0.82421875
-0.73046875
-0.74218750
-1.08203125
-1.20312500
