0000000000100000
1111111111111011
0000000000110101
0000000000101100
0000000000100101
0000000000001110
1111111111111011
1111111111101110
1111111111110001
1111111111111101
0000000000010100
0000000000100010
0000000000100010
0000000000011010
0000000000111000
0000000010011001
1111111100111110
1111111111001011
0000000001100011
0000000001101010
0000000001101101
0000000001001110
0000000000101111
0000000001000011
0000000000110101
0000000000111001
0000000001000100
0000000001001110
0000000001010110
0000000000111001
1111111111010100
1111111111111111
1111111011110100
1111111101100010
1111111110011010
1111111110010110
1111111110111100
1111111110101101
1111111111000010
1111111111010001
1111111110010100
1111111110101111
1111111110001110
1111111110011001
1111111110100100
1111111110001010
1111111110000111
1111111101101100
1111111010001010
1111111011111010
1111111011110011
1111111100010110
1111111100010000
1111111100010111
1111111101100011
1111111101000010
1111111011101101
1111111101010001
1111111100010011
1111111100010110
1111111100000111
1111111100100100
1111111100001111
1111111100011001
1111111001010100
1111111011001001
1111111100111011
1111111101000011
1111111101001110
1111111110010101
1111111110100110
1111111101000110
1111111011011101
1111111101011111
1111111101111111
1111111100010011
1111111101000011
1111111101000000
1111111101100000
1111111100111000
1111111000100001
1111111011001010
1111111100011101
1111111100010101
1111111011111010
1111111100111000
1111111101100000
1111111011001000
1111111000111111
1111111011111110
1111111101000101
1111111100001001
1111111100011110
1111111100101110
1111111100111001
1111111100111010
1111111000011111
1111111011011101
1111111100010000
1111111011110101
1111111011110100
1111111101000011
1111111101010001
1111111010101110
1111111000010101
1111111010111110
1111111100111001
1111111011110001
1111111011110101
1111111011110110
1111111100100011
1111111101011010
1111111000001001
1111111010110001
1111111011101010
1111111011111101
1111111100010110
1111111101000111
1111111101100011
1111111010000111
1111111000010001
1111111010011000
1111111100010011
1111111011110101
1111111100000111
1111111100001101
1111111100111001
1111111101100110
1111111000001100
1111111010110001
1111111011101000
1111111011101111
1111111100001010
1111111100110100
1111111101001011
1111111010000100
1111111000100101
1111111010110011
1111111101000101
1111111011101011
1111111101000011
1111111100011111
1111111100111110
1111111101101110
1111110111010100
1111111010011001
1111111011100100
1111111011100000
1111111100000110
1111111100110110
1111111100101011
1111111010100100
1111111000010101
1111111010011010
1111111101001011
1111111100111011
1111111100110010
1111111100101001
1111111100111101
1111111101100001
1111110111010011
1111111010010011
1111111011011111
1111111011010010
1111111011011010
1111111100001010
1111111100010111
1111111011000011
1111111000011000
1111111010101011
1111111101111101
1111111100011101
1111111011111010
1111111101001000
1111111101010000
1111111101011100
1111110111111110
1111111010101000
1111111011010101
1111111011101100
1111111011100011
1111111011000100
1111111011110101
1111111100011001
1111111001100011
1111111011100101
1111111110100111
1111111100111001
1111111011101011
1111111100110110
1111111101011111
1111111100111111
1111111000010011
1111111010101110
1111111011011110
1111111011110100
1111111011111011
1111111011100000
1111111011111111
1111111011110101
1111111010101010
1111111100011001
1111111100111010
1111111100010111
1111111011011010
1111111101000111
1111111101010111
1111111100111110
1111111000101000
1111111010010101
1111111011000101
1111111011111010
1111111011101000
1111111100010110
1111111011111011
1111111011111011
1111111011010101
1111111100001110
1111111100000001
1111111100000111
1111111011110000
1111111100100100
1111111101101101
1111111101001010
1111111001001101
1111111010100111
1111111011100101
1111111100000000
1111111100001110
1111111100110001
1111111100011101
1111111100100101
1111111011111001
1111111100101111
1111111100000111
1111111100001011
1111111011010100
1111111100001001
1111111100011100
1111111101100010
1111111011110101
1111111011011100
1111111011111100
1111111100111010
1111111100101101
1111111100101111
1111111101000001
1111111101000011
1111111100101111
1111111101010100
1111111100101110
1111111100111000
1111111100011101
1111111101000110
1111111101010010
1111111110010110
0000000000000011
1111111110101111
1111111111000110
1111111111000011
1111111111000011
1111111111000010
1111111110111100
1111111110111011
1111111111000000
1111111111001000
1111111111010000
1111111111000001
1111111110110010
1111111110101100
1111111111011101
1111111111100101
1111111100101010
1111111011101100
1111111100011011
1111111100011101
1111111100011101
1111111100001011
1111111011111010
1111111100001101
1111111100010100
1111111100011011
1111111100001110
1111111100000110
1111111011111110
1111111011101011
1111111011010100
1111111100011100
1111111101011010
1111111011000111
1111111010110100
1111111010011000
1111111010101110
1111111010110011
1111111010101010
1111111010110111
1111111010100011
1111111010011001
1111111010001010
1111111010010000
1111111010011000
1111111010001001
1111111010000110
1111111010000110
1111111110100011
1111111001001101
1111111001100110
1111111001010101
1111111001111001
1111111001101000
1111111010001100
1111111011101000
1111111011010100
1111111001111101
1111111000100001
1111111001000110
1111111001000111
1111111001010011
1111111001000111
1111111001011010
1111111101101001
1111111001011010
1111111010101001
1111111010100100
1111111010111100
1111111011010110
1111111100001100
1111111111001110
1111111111101011
1111111011111100
1111111001101000
1111111001000111
1111111001010111
1111111001101101
1111111001100100
1111111001111011
1111111101010110
1111111001111011
1111111010111010
1111111010101011
1111111010110111
1111111011001011
1111111101011110
1111111101010010
1111111101010011
1111111011001000
1111111000100111
1111111001001110
1111111001010111
1111111001101100
1111111010010111
1111111010100101
1111111101011000
1111111001110101
1111111010011001
1111111001011111
1111111001100011
1111111011001000
1111111101111000
1111111100100110
1111111100001010
1111111010111111
1111111000101010
1111111001011111
1111111001100100
1111111001101100
1111111010010001
1111111011001110
1111111101001101
1111111001011100
1111111001110110
1111111001100010
1111111001111001
1111111011101100
1111111101111001
1111111100101011
1111111100011010
1111111011010010
1111111001010010
1111111001010110
1111111001100000
1111111001101100
1111111001100111
1111111010101111
1111111101010011
1111111000111001
1111111001010111
1111111001011100
1111111010001010
1111111011000000
1111111100110110
1111111101010101
1111111101001011
1111111100010000
1111111001100111
1111111001100110
1111111010000010
1111111001100101
1111111001111001
1111111010111010
1111111101010111
1111111001001101
1111111001001110
1111111001000101
1111111001111000
1111111010111011
1111111100011000
1111111100110100
1111111100100111
1111111011100101
1111111001110110
1111111010010000
1111111010010010
1111111001000011
1111111001110001
1111111011001010
1111111101001011
1111111000100100
1111111000111000
1111111001000110
1111111001101111
1111111011000010
1111111100000010
1111111100001000
1111111010101110
1111111010101101
1111111010101011
1111111010100010
1111111001100101
1111111000111110
1111111010001101
1111111011001101
1111111101001100
1111111000111011
1111111001011001
1111111001011011
1111111001101001
1111111010010000
1111111010101010
1111111010101100
1111111010001101
1111111001111110
1111111010011110
1111111010100111
1111111001101101
1111111001100000
1111111010100011
1111111011011011
1111111101110001
1111111001101111
1111111010011001
1111111010001101
1111111010100111
1111111010010000
1111111010010001
1111111010100100
1111111010000110
1111111010000110
1111111010010101
1111111010011010
1111111001111101
1111111010000000
1111111011010010
1111111100001000
1111111101010100
1111111001101100
1111111001101111
1111111001110100
1111111001101011
1111111001111001
1111111010001001
1111111010011101
1111111010000100
1111111001011110
1111111001010110
1111111001111010
1111111010000110
1111111001110011
1111111011100100
1111111011110100
1111111101100100
1111111010000001
1111111010010001
1111111010000000
1111111001111100
1111111010110100
1111111010110110
1111111011000001
1111111010101101
1111111010010001
1111111010000100
1111111010010111
1111111010010000
1111111010100000
1111111011101011
1111111100011101
1111111101001010
1111111011110000
1111111011101100
1111111011100101
1111111011101000
1111111100001100
1111111100100001
1111111100100010
1111111100001010
1111111011111110
1111111011011011
1111111011100101
1111111011100101
1111111011101101
1111111011110011
1111111100111100
