0.12500000
-0.01953125
0.20703125
0.17187500
0.14453125
0.05468750
-0.01953125
-0.07031250
-0.05859375
-0.01171875
0.07812500
0.13281250
0.13281250
0.10156250
0.21875000
0.59765625
-0.75781250
-0.20703125
0.38671875
0.41406250
0.42578125
0.30468750
0.18359375
0.26171875
0.20703125
0.22265625
0.26562500
0.30468750
0.33593750
0.22265625
-0.17187500
-0.00390625
-1.04687500
-0.61718750
-0.39843750
-0.41406250
-0.26562500
-0.32421875
-0.24218750
-0.18359375
-0.42187500
-0.31640625
-0.44531250
-0.40234375
-0.35937500
-0.46093750
-0.47265625
-0.57812500
-1.46093750
-1.02343750
-1.05078125
-0.91406250
-0.93750000
-0.91015625
-0.61328125
-0.74218750
-1.07421875
-0.68359375
-0.92578125
-0.91406250
-0.97265625
-0.85937500
-0.94140625
-0.90234375
-1.67187500
-1.21484375
-0.76953125
-0.73828125
-0.69531250
-0.41796875
-0.35156250
-0.72656250
-1.13671875
-0.62890625
-0.50390625
-0.92578125
-0.73828125
-0.75000000
-0.62500000
-0.78125000
-1.87109375
-1.21093750
-0.88671875
-0.91796875
-1.02343750
-0.78125000
-0.62500000
-1.21875000
-1.75390625
-1.00781250
-0.73046875
-0.96484375
-0.88281250
-0.82031250
-0.77734375
-0.77343750
-1.87890625
-1.13671875
-0.93750000
-1.04296875
-1.04687500
-0.73828125
-0.68359375
-1.32031250
-1.91796875
-1.25781250
-0.77734375
-1.05859375
-1.04296875
-1.03906250
-0.86328125
-0.64843750
-1.96484375
-1.30859375
-1.08593750
-1.01171875
-0.91406250
-0.72265625
-0.61328125
-1.47265625
-1.93359375
-1.40625000
-0.92578125
-1.04296875
-0.97265625
-0.94921875
-0.77734375
-0.60156250
-1.95312500
-1.30859375
-1.09375000
-1.06640625
-0.96093750
-0.79687500
-0.70703125
-1.48437500
-1.85546875
-1.30078125
-0.73046875
-1.08203125
-0.73828125
-0.87890625
-0.75781250
-0.57031250
-2.17187500
-1.40234375
-1.10937500
-1.12500000
-0.97656250
-0.78906250
-0.83203125
-1.35937500
-1.91796875
-1.39843750
-0.70703125
-0.76953125
-0.80468750
-0.83984375
-0.76171875
-0.62109375
-2.17578125
-1.42578125
-1.12890625
-1.17968750
-1.14843750
-0.96093750
-0.91015625
-1.23828125
-1.90625000
-1.33203125
-0.51171875
-0.88671875
-1.02343750
-0.71875000
-0.68750000
-0.64062500
-2.00781250
-1.34375000
-1.16796875
-1.07812500
-1.11328125
-1.23437500
-1.04296875
-0.90234375
-1.61328125
-1.10546875
-0.34765625
-0.77734375
-1.08203125
-0.78906250
-0.62890625
-0.75390625
-1.92578125
-1.32031250
-1.13281250
-1.04687500
-1.01953125
-1.12500000
-1.00390625
-1.04296875
-1.33593750
-0.90234375
-0.77343750
-0.91015625
-1.14843750
-0.72265625
-0.66015625
-0.75781250
-1.84375000
-1.41796875
-1.23046875
-1.02343750
-1.09375000
-0.91406250
-1.01953125
-1.01953125
-1.16796875
-0.94531250
-0.99609375
-0.97265625
-1.06250000
-0.85937500
-0.57421875
-0.71093750
-1.69921875
-1.34765625
-1.10546875
-1.00000000
-0.94531250
-0.80859375
-0.88671875
-0.85546875
-1.02734375
-0.81640625
-0.97265625
-0.95703125
-1.17187500
-0.96484375
-0.89062500
-0.61718750
-1.04296875
-1.14062500
-1.01562500
-0.77343750
-0.82421875
-0.81640625
-0.74609375
-0.73828125
-0.81640625
-0.67187500
-0.82031250
-0.78125000
-0.88671875
-0.72656250
-0.67968750
-0.41406250
0.01171875
-0.31640625
-0.22656250
-0.23828125
-0.23828125
-0.24218750
-0.26562500
-0.26953125
-0.25000000
-0.21875000
-0.18750000
-0.24609375
-0.30468750
-0.32812500
-0.13671875
-0.10546875
-0.83593750
-1.07812500
-0.89453125
-0.88671875
-0.88671875
-0.95703125
-1.02343750
-0.94921875
-0.92187500
-0.89453125
-0.94531250
-0.97656250
-1.00781250
-1.08203125
-1.17187500
-0.89062500
-0.64843750
-1.22265625
-1.29687500
-1.40625000
-1.32031250
-1.30078125
-1.33593750
-1.28515625
-1.36328125
-1.40234375
-1.46093750
-1.43750000
-1.40625000
-1.46484375
-1.47656250
-1.47656250
-0.36328125
-1.69921875
-1.60156250
-1.66796875
-1.52734375
-1.59375000
-1.45312500
-1.09375000
-1.17187500
-1.51171875
-1.87109375
-1.72656250
-1.72265625
-1.67578125
-1.72265625
-1.64843750
-0.58984375
-1.64843750
-1.33984375
-1.35937500
-1.26562500
-1.16406250
-0.95312500
-0.19531250
-0.08203125
-1.01562500
-1.59375000
-1.72265625
-1.66015625
-1.57421875
-1.60937500
-1.51953125
-0.66406250
-1.51953125
-1.27343750
-1.33203125
-1.28515625
-1.20703125
-0.63281250
-0.67968750
-0.67578125
-1.21875000
-1.84765625
-1.69531250
-1.66015625
-1.57812500
-1.41015625
-1.35546875
-0.65625000
-1.54296875
-1.40234375
-1.62890625
-1.61328125
-1.21875000
-0.53125000
-0.85156250
-0.96093750
-1.25390625
-1.83593750
-1.62890625
-1.60937500
-1.57812500
-1.43359375
-1.19531250
-0.69921875
-1.64062500
-1.53906250
-1.61718750
-1.52734375
-1.07812500
-0.52734375
-0.83203125
-0.89843750
-1.17968750
-1.67968750
-1.66406250
-1.62500000
-1.57812500
-1.59765625
-1.31640625
-0.67578125
-1.77734375
-1.66015625
-1.64062500
-1.46093750
-1.25000000
-0.78906250
-0.66796875
-0.70703125
-0.93750000
-1.59765625
-1.60156250
-1.49218750
-1.60546875
-1.52734375
-1.27343750
-0.66015625
-1.69921875
-1.69531250
-1.73046875
-1.53125000
-1.26953125
-0.90625000
-0.79687500
-0.84765625
-1.10546875
-1.53906250
-1.43750000
-1.42968750
-1.73828125
-1.55859375
-1.21093750
-0.70703125
-1.85937500
-1.78125000
-1.72656250
-1.56640625
-1.24218750
-0.99218750
-0.96875000
-1.32031250
-1.32421875
-1.33203125
-1.36718750
-1.60546875
-1.75781250
-1.44921875
-1.19921875
-0.70312500
-1.76953125
-1.65234375
-1.64453125
-1.58984375
-1.43750000
-1.33593750
-1.32812500
-1.44921875
-1.50781250
-1.38281250
-1.34765625
-1.57421875
-1.62500000
-1.36328125
-1.14453125
-0.55859375
-1.56640625
-1.40234375
-1.44921875
-1.34765625
-1.43750000
-1.43359375
-1.35937500
-1.47656250
-1.47656250
-1.41796875
-1.39843750
-1.51171875
-1.50000000
-1.17968750
-0.96875000
-0.67187500
-1.57812500
-1.56640625
-1.54687500
-1.58203125
-1.52734375
-1.46484375
-1.38671875
-1.48437500
-1.63281250
-1.66406250
-1.52343750
-1.47656250
-1.55078125
-1.10937500
-1.04687500
-0.60937500
-1.49609375
-1.43359375
-1.50000000
-1.51562500
-1.29687500
-1.28906250
-1.24609375
-1.32421875
-1.43359375
-1.48437500
-1.41015625
-1.43750000
-1.37500000
-1.08203125
-0.88671875
-0.71093750
-1.06250000
-1.07812500
-1.10546875
-1.09375000
-0.95312500
-0.87109375
-0.86718750
-0.96093750
-1.00781250
-1.14453125
-1.10546875
-1.10546875
-1.07421875
-1.05078125
-0.76562500
