0.00390625
0.00390625
0.00390625
0.00390625
0.00781250
0.00781250
0.00781250
0.00781250
0.00781250
0.00781250
0.00781250
0.00781250
0.00781250
0.00781250
0.00781250
0.00781250
0.00390625
0.02734375
0.01953125
0.01953125
0.02343750
0.02343750
0.01953125
0.01562500
0.01562500
0.01562500
0.01953125
0.01953125
0.01953125
0.01953125
0.03515625
0.03125000
0.00390625
0.02343750
0.02343750
0.03125000
0.03515625
0.03515625
0.02734375
0.02734375
0.02734375
0.02343750
0.02343750
0.01953125
0.01953125
0.02343750
0.04296875
0.02734375
0.00390625
0.00781250
0.01171875
0.00781250
0.01171875
0.00781250
0.01171875
0.01171875
0.01171875
0.00781250
0.00781250
0.01171875
0.01171875
0.01562500
0.01953125
0.01562500
0.00781250
0.01562500
0.01953125
0.01562500
0.01953125
0.01562500
0.02343750
0.03906250
0.03515625
0.01953125
0.00781250
0.01171875
0.01562500
0.02343750
0.02343750
0.02343750
0.01171875
0.01562500
0.01953125
0.01953125
0.02734375
0.03125000
0.02734375
0.02343750
0.08984375
0.02343750
0.01953125
0.01562500
0.01953125
0.02734375
0.01953125
0.01953125
0.00781250
0.01562500
0.01562500
0.01953125
0.02343750
0.03515625
0.03515625
0.06640625
0.26171875
0.05859375
0.03515625
0.02734375
0.02734375
0.02343750
0.01562500
0.01562500
0.00781250
0.01562500
0.01562500
0.01953125
0.01953125
0.03125000
0.05468750
0.18359375
0.48437500
0.10937500
0.06250000
0.03125000
0.03125000
0.03125000
0.01953125
0.01562500
0.01171875
0.01562500
0.01562500
0.01562500
0.01562500
0.02734375
0.03906250
0.19140625
0.52734375
0.09765625
0.05859375
0.02734375
0.02734375
0.03515625
0.01953125
0.01562500
0.00781250
0.01562500
0.01562500
0.01562500
0.01562500
0.02343750
0.03906250
0.12890625
0.45312500
0.09375000
0.03515625
0.03125000
0.02343750
0.02734375
0.01953125
0.01562500
0.01171875
0.01953125
0.01953125
0.01953125
0.01953125
0.02734375
0.03125000
0.07031250
0.31640625
0.10156250
0.03125000
0.02734375
0.03906250
0.02734375
0.01562500
0.01953125
0.01171875
0.01953125
0.02343750
0.01953125
0.01953125
0.03125000
0.02343750
0.03125000
0.11718750
0.04296875
0.01953125
0.02734375
0.05078125
0.02734375
0.01171875
0.01953125
0.00781250
0.01953125
0.01953125
0.02343750
0.01953125
0.01953125
0.01953125
0.01953125
0.03515625
0.01953125
0.01562500
0.02343750
0.03515625
0.01953125
0.01562500
0.02734375
0.00781250
0.02343750
0.03125000
0.02343750
0.01953125
0.01953125
0.01953125
0.02734375
0.02734375
0.01953125
0.01562500
0.02343750
0.01953125
0.01953125
0.01562500
0.02343750
0.00781250
0.03515625
0.03125000
0.01953125
0.01953125
0.01953125
0.02343750
0.02734375
0.02734375
0.01562500
0.01562500
0.01953125
0.01953125
0.01953125
0.01953125
0.01953125
0.01171875
0.03515625
0.02734375
0.01562500
0.01953125
0.02343750
0.02343750
0.02343750
0.02734375
0.01953125
0.01953125
0.02343750
0.03125000
0.03125000
0.02734375
0.01953125
