1111100111111100
1111101011010111
1111101011101110
1111101011110100
1111101100010011
1111101100110101
1111101101001101
1111101101100000
1111101101101010
1111101101100010
1111101100110011
1111101100011000
1111101100001100
1111101100001101
1111101100111110
1111101101111010
1111101011001010
1111110001111111
1111110000010110
1111110000110001
1111110001001101
1111110001011110
1111110000111100
1111101111111111
1111101111110011
1111101111111101
1111110000011000
1111110000010110
1111110000100000
1111110000101001
1111110010110110
1111110010000001
1111101001011001
1111110001011110
1111110001011011
1111110010000000
1111110010100110
1111110010100110
1111110001111011
1111110001101010
1111110001100110
1111110001001001
1111110001001001
1111110000111101
1111110000110101
1111110001001110
1111110011100001
1111110001100101
1111101001100011
1111101101100011
1111101110101010
1111101101110100
1111101110010010
1111101101110000
1111101110000010
1111101110101111
1111101110011011
1111101101010110
1111101100101111
1111101110011100
1111101110001111
1111101111100010
1111110000011101
1111101111101000
1111101101000011
1111101111110101
1111110000001000
1111101111000000
1111110000100101
1111101111111111
1111110001000011
1111110011000100
1111110010111011
1111110000101100
1111101101010010
1111101110101111
1111101111100111
1111110001000100
1111110001000011
1111110001010011
1111101110001011
1111101111111010
1111110000111110
1111110000000010
1111110001110011
1111110010011101
1111110001111101
1111110001001000
1111110110111001
1111110001001110
1111110000100001
1111101111110001
1111110000111110
1111110001100011
1111110000101011
1111110000011101
1111101101001101
1111101111100100
1111101111010111
1111110000000100
1111110001011110
1111110010101101
1111110010101101
1111110101101000
1111111011111001
1111110101000111
1111110010100001
1111110001100011
1111110001110000
1111110001001010
1111101111100011
1111101111010111
1111101101100101
1111101111011000
1111101111100111
1111110000010111
1111110000111100
1111110010010100
1111110100110001
1111111010000001
1111111111110010
1111110111101100
1111110101010011
1111110010010001
1111110010010010
1111110010001010
1111110000010110
1111101111100101
1111101110000010
1111101111100111
1111101111110111
1111101111110110
1111101111100011
1111110001100111
1111110011000111
1111111010010000
0000000000011100
1111110111001010
1111110101000010
1111110001101100
1111110001100101
1111110010110110
1111110000100011
1111101111101011
1111101101011100
1111101111000001
1111101111000001
1111101111100010
1111101111110000
1111110001000010
1111110011000011
1111111000010101
1111111111010000
1111110111000011
1111110010110011
1111110010000101
1111110001010100
1111110001101111
1111110000101001
1111101111110011
1111101110000101
1111110000101110
1111110000010000
1111110000000000
1111110000011000
1111110001101010
1111110010011111
1111110101110111
1111111100111110
1111110111011000
1111110010001110
1111110001110000
1111110011000001
1111110001100101
1111101111101011
1111110000000110
1111101110100100
1111110000100000
1111110001001000
1111110000011110
1111110000101011
1111110010010000
1111110001000100
1111110010011011
1111110111111111
1111110011111010
1111110000110110
1111110001111110
1111110100100110
1111110001100011
1111101110111000
1111110000101111
1111101101101101
1111110000100001
1111110000101001
1111110001001001
1111110000101101
1111110000111001
1111110000100010
1111110000011001
1111110010110010
1111110000110110
1111101111010011
1111110001011110
1111110010101011
1111110000101101
1111101111010100
1111110001111001
1111101101111110
1111110001001111
1111110010001110
1111110001010101
1111110000110011
1111110000110000
1111110000110101
1111110001111100
1111110001111100
1111110000000000
1111101111100001
1111110001000001
1111110000100010
1111110000010001
1111101111101101
1111110001010111
1111101101111110
1111110010110010
1111110010000001
1111110000001111
1111110000101101
1111110000010001
1111110001001100
1111110001100111
1111110001110110
1111101111101110
1111101111011010
1111110000100100
1111110000110010
1111110000000101
1111110000100111
1111110000011001
1111101110011111
1111110010110110
1111110001111101
1111101111111100
1111110000010000
1111110001000010
1111110001000001
1111110001010111
1111110001100000
1111110000001000
1111110000011001
1111110001001101
1111110010000111
1111110010001100
1111110001100010
1111110000011111
