3.82421875
4.64843750
4.92968750
5.56640625
5.09765625
3.32812500
1.91406250
1.30468750
2.15234375
2.50390625
3.30468750
3.66015625
3.91796875
3.49609375
4.03515625
4.92968750
1.84375000
2.52734375
3.51953125
3.96484375
3.25781250
1.70312500
0.05468750
-0.62500000
-0.12890625
0.73828125
1.79687500
2.38671875
1.58593750
1.25781250
1.86718750
2.45703125
5.42578125
5.42578125
6.29687500
6.10937500
5.19140625
5.23828125
4.17578125
4.48437500
4.19921875
4.92968750
5.02343750
5.12109375
4.12890625
5.16796875
4.69531250
3.89453125
14.04687500
15.69531250
15.25000000
14.63671875
15.08203125
13.52734375
13.08203125
13.29296875
12.65625000
15.01171875
15.62500000
15.08203125
14.77734375
14.61328125
16.00390625
15.27343750
13.69531250
14.32812500
12.58593750
14.21093750
11.59765625
14.11718750
11.43359375
10.04296875
15.05859375
12.65625000
14.28125000
13.50390625
14.09375000
12.09375000
14.39843750
12.11718750
11.52734375
13.64453125
12.56250000
14.23437500
15.69531250
16.28515625
12.94140625
5.04687500
10.16015625
14.66015625
15.36718750
11.41015625
13.45703125
10.91406250
12.75000000
13.19921875
14.00000000
12.01953125
12.91796875
15.85937500
12.82031250
12.58593750
11.48046875
10.27734375
0.28906250
11.87890625
13.19921875
13.55078125
14.39843750
13.67187500
14.91796875
12.72656250
13.03515625
14.96484375
16.00390625
14.66015625
13.67187500
12.28125000
12.98828125
6.91015625
0.97265625
15.39062500
16.85156250
16.05078125
13.90625000
14.35156250
13.59765625
13.76562500
14.75390625
14.96484375
16.92187500
17.22656250
17.01562500
16.07421875
15.10546875
7.09765625
18.45312500
16.44921875
13.76562500
15.41406250
17.13281250
17.22656250
14.84765625
14.00000000
16.12109375
16.66015625
17.79296875
16.51953125
15.97656250
15.48437500
15.55468750
10.25390625
12.96484375
15.05859375
16.14453125
16.82812500
16.37890625
15.25000000
16.75390625
16.82812500
13.12890625
14.42187500
16.92187500
16.19140625
17.79296875
18.57031250
17.01562500
13.59765625
8.39453125
15.57812500
16.66015625
13.22265625
16.35546875
14.89453125
14.61328125
16.68359375
13.10546875
16.44921875
16.05078125
17.60546875
15.76562500
16.92187500
13.71875000
13.92968750
15.39062500
12.70312500
15.78906250
12.96484375
14.02343750
15.85937500
14.84765625
15.97656250
14.32812500
13.43359375
14.21093750
15.92968750
16.51953125
13.81250000
11.99609375
11.62109375
11.31640625
12.65625000
14.73046875
18.12109375
14.96484375
14.39843750
14.61328125
14.91796875
10.93750000
11.94921875
14.32812500
12.75000000
12.91796875
10.89062500
10.56250000
10.23046875
11.17187500
13.01171875
13.29296875
12.70312500
12.44531250
11.12500000
13.52734375
10.25390625
10.86718750
13.38671875
13.26953125
14.61328125
13.22265625
11.85546875
11.50390625
9.83203125
11.17187500
9.90234375
13.59765625
13.38671875
12.44531250
11.36328125
13.12890625
12.37500000
14.23437500
12.46875000
13.38671875
13.22265625
11.19531250
11.00781250
10.30078125
10.63281250
10.04296875
11.90234375
12.91796875
15.57812500
12.46875000
12.72656250
12.96484375
11.64453125
6.83203125
6.86328125
6.75781250
6.56640625
6.59765625
6.87890625
6.68750000
6.52343750
5.83203125
5.90625000
6.31640625
6.53906250
6.64062500
6.46484375
6.59765625
6.06640625
7.57031250
7.70312500
7.42187500
7.30468750
7.58593750
7.48046875
7.18750000
6.98046875
6.71484375
6.30468750
6.80468750
7.27343750
7.42187500
7.33203125
7.08203125
6.67187500
-3.94140625
-3.51562500
-3.73437500
-3.88281250
-2.67578125
-2.96875000
-2.86718750
-3.79296875
-3.01562500
-3.13281250
-1.91015625
-2.60156250
-1.57031250
-1.68750000
-1.48437500
-1.27734375
0.22265625
-1.02734375
0.57421875
-0.20312500
0.36718750
0.48828125
-1.58593750
0.05859375
-1.92578125
0.92968750
-0.07031250
-0.49609375
-0.55468750
0.53125000
1.47265625
-1.32031250
-0.17187500
1.12109375
-1.74609375
1.20703125
0.91406250
-1.76171875
0.60546875
-1.02734375
-0.96875000
-0.33593750
1.20703125
-0.18750000
-0.76171875
2.07812500
0.29687500
2.22265625
1.85546875
1.92968750
-0.02343750
-0.46875000
0.79687500
-1.42578125
1.66406250
0.89843750
-0.51171875
0.85546875
0.72265625
-1.37890625
-0.01171875
0.23437500
-0.46875000
-2.25000000
-0.01171875
0.55859375
0.28125000
-0.49609375
1.13281250
2.44531250
0.67968750
-5.33984375
-5.29687500
1.20703125
-0.77734375
-1.48437500
0.29687500
-0.36328125
-0.52734375
0.29687500
1.94531250
3.12109375
0.91406250
0.30859375
1.50390625
0.79687500
0.28125000
7.11328125
-5.06250000
-0.37890625
-2.13281250
1.56250000
0.11718750
1.70703125
-1.61718750
0.51562500
0.36718750
0.82421875
1.37109375
1.60546875
-1.62890625
3.09375000
1.57421875
0.38281250
0.08984375
1.98828125
3.15234375
-0.66015625
-0.18750000
0.64843750
0.58984375
-1.27734375
-1.02734375
0.45703125
0.94140625
1.63671875
2.08984375
0.78125000
3.15234375
3.41796875
5.93359375
0.82421875
0.72265625
-0.14453125
-1.36328125
0.20703125
1.83984375
-0.07031250
2.54687500
2.00390625
0.07421875
1.19140625
-0.82031250
0.87109375
1.04687500
2.46093750
4.18359375
-0.34765625
0.60546875
1.37109375
-1.79296875
1.85546875
-1.74609375
-0.61328125
-0.20312500
-0.48046875
-0.74609375
-0.23046875
-0.77734375
1.35546875
1.60546875
-1.96875000
-2.42578125
-0.61328125
-0.58593750
0.58984375
0.29687500
0.60546875
-0.87890625
-0.12890625
-2.25000000
0.01562500
-0.20312500
-1.17187500
-1.24609375
-0.93750000
0.39843750
-1.23437500
-2.79296875
-0.73046875
-2.04296875
-0.23046875
1.22265625
-0.23046875
1.16406250
-2.80859375
0.72265625
1.00000000
0.00000000
-1.08593750
-1.92578125
-0.23046875
-2.00000000
-1.32031250
-2.82421875
-2.48437500
-1.41015625
-2.16015625
-0.52734375
-0.83593750
-1.82031250
-0.33593750
-1.29296875
0.66406250
-1.87890625
-0.71875000
-1.64453125
-0.68750000
-1.42578125
-2.95703125
-1.42578125
-2.05859375
-1.24609375
-2.39453125
1.08984375
-2.01171875
-0.86328125
-1.60156250
-0.40625000
-0.76171875
-0.30468750
-0.89453125
-0.61328125
-0.78906250
-0.09765625
-1.83593750
-2.20312500
-2.92578125
-2.77734375
-0.59765625
-1.21875000
-2.00000000
-2.19140625
-1.33593750
3.33203125
5.24218750
5.23046875
4.08203125
3.74609375
3.46484375
3.62500000
3.62500000
3.18750000
2.68750000
2.68750000
3.27343750
4.12500000
4.80468750
4.28906250
1.69921875
4.69921875
6.73046875
6.35937500
5.11328125
4.71484375
4.64062500
4.68359375
4.53906250
4.17187500
3.64062500
3.46484375
4.27343750
5.50781250
6.17187500
5.43359375
2.62500000
1.73046875
3.17187500
2.43750000
2.64062500
2.52343750
2.74609375
2.28906250
2.44921875
3.18750000
3.05468750
3.64062500
3.58203125
4.64062500
4.53906250
4.94921875
3.50781250
1.89062500
2.92187500
3.28906250
4.21484375
2.94921875
0.11328125
1.55468750
-0.78125000
-1.11718750
1.74609375
-2.57421875
-0.83984375
2.27343750
3.73046875
2.61328125
-0.32421875
2.31640625
3.74609375
2.55468750
2.81640625
0.40625000
-2.30859375
3.33203125
-0.07421875
1.98046875
0.23046875
1.34765625
1.49609375
2.55468750
1.62890625
2.49609375
-2.25000000
3.00781250
3.17187500
0.07031250
1.87890625
1.55468750
-0.97265625
-0.41406250
7.74218750
-5.02734375
-1.26562500
-0.73437500
-0.28125000
2.92187500
3.12500000
-0.05859375
1.17187500
0.90625000
2.84765625
2.11328125
4.19921875
3.37500000
2.84765625
3.87500000
3.92187500
-5.35156250
-0.58984375
0.08203125
0.84765625
2.14062500
4.53906250
2.05468750
1.48046875
0.99609375
4.24609375
2.27343750
4.96484375
3.65625000
2.83203125
6.60937500
4.40625000
-7.50000000
0.14062500
-0.19140625
3.99609375
3.92187500
4.28906250
0.32031250
-0.85546875
3.36328125
1.92187500
3.81640625
3.83203125
3.68359375
5.65625000
3.69921875
3.15625000
-3.66015625
2.75781250
-1.64843750
1.56640625
3.05468750
0.68750000
1.96484375
1.64062500
1.58203125
4.73046875
1.61328125
2.39062500
3.77343750
3.14062500
4.02343750
2.59765625
-3.00000000
0.43750000
0.58203125
-0.54687500
0.49609375
3.77343750
3.42187500
0.83203125
4.27343750
3.94921875
2.03906250
3.58203125
2.15625000
1.53906250
0.71484375
5.28906250
0.65625000
2.28906250
2.94921875
0.73046875
5.24218750
3.73046875
3.46484375
3.48046875
0.83203125
1.49609375
1.40625000
3.06640625
2.31640625
1.42187500
3.56640625
-0.28125000
0.12890625
1.90625000
0.25781250
4.75781250
3.05468750
1.80468750
2.55468750
-1.25000000
-1.01562500
1.62890625
4.27343750
0.80468750
0.46484375
0.01171875
-0.22265625
3.02343750
3.06640625
2.37500000
1.84765625
0.55468750
1.39062500
4.14062500
1.07031250
-0.79687500
0.14062500
3.40625000
2.15625000
1.65625000
3.08203125
1.78906250
1.43750000
-0.05859375
1.40625000
0.46484375
1.39062500
-1.16406250
1.44921875
2.25781250
2.17187500
-2.19140625
4.19921875
0.05468750
2.18750000
4.42187500
-0.08984375
0.84765625
1.64062500
1.30468750
0.18750000
1.99609375
-0.91406250
0.30468750
-0.07421875
0.80468750
0.01171875
0.01171875
-0.76562500
4.64062500
1.55468750
0.15625000
1.18750000
1.28906250
0.59765625
1.67187500
2.65625000
-0.55859375
1.03906250
-1.04296875
-2.16406250
-0.83984375
-3.53125000
-1.83984375
0.73437500
1.36328125
1.51953125
1.42578125
1.01171875
0.48828125
0.25390625
0.08593750
0.16406250
0.34765625
0.56250000
0.68750000
0.54687500
0.70312500
1.03906250
0.30078125
0.34765625
1.08593750
1.25781250
0.87109375
0.56250000
0.16406250
-0.04687500
-0.37109375
-0.29296875
-0.12500000
0.00781250
0.00781250
0.13281250
0.62500000
0.53125000
-0.18750000
-1.06250000
-1.03515625
-1.18750000
-1.07812500
-1.41796875
-1.23437500
-1.57421875
-1.57421875
-1.44921875
-1.37109375
-1.25000000
-1.23437500
-0.89453125
-1.17187500
-1.33984375
-1.52734375
-3.94140625
-4.25000000
-5.20703125
-3.39062500
-4.19140625
-6.76171875
-3.92968750
-7.85546875
-4.09765625
-6.51562500
-5.32812500
-3.95703125
-3.67968750
-5.73046875
-2.77343750
-5.83593750
-3.55859375
-4.75781250
-3.75781250
-4.74218750
-4.69921875
-6.03906250
-3.75781250
-4.66796875
-5.74609375
-6.05078125
-5.06640625
-5.16015625
-4.65234375
-4.60546875
-5.51562500
-5.22265625
-5.39062500
-4.96093750
-3.09765625
-3.65234375
-6.40625000
-5.34375000
-7.69921875
1.11718750
-5.00390625
-5.34375000
-5.39062500
-5.11328125
-4.65234375
-5.39062500
-3.18750000
-4.40625000
-4.03515625
-3.78906250
-3.78906250
-2.58984375
-5.91406250
-5.14453125
-5.68359375
2.50390625
-5.26562500
-6.48437500
-4.86718750
-4.09765625
-5.31250000
-4.20312500
-5.17578125
-4.31250000
-3.51171875
-3.49609375
-4.16015625
-3.72656250
-3.55859375
-5.74609375
-2.88281250
0.57812500
-4.54296875
-3.60546875
-5.96093750
-5.23828125
-5.29687500
-6.19140625
-3.67968750
-5.14453125
-2.72656250
-2.74218750
-3.92968750
-3.35937500
-2.51171875
-3.86718750
-6.96093750
-3.85156250
-1.25000000
-5.58984375
-3.25000000
-5.50000000
-4.08203125
-4.37500000
-4.65234375
-3.49609375
-3.35937500
-4.26562500
-2.14062500
-3.69531250
-3.26562500
-2.12500000
-5.52734375
-10.34765625
-9.08593750
-4.65234375
-5.42187500
-5.40625000
-4.62109375
-5.12890625
-4.23437500
-4.05078125
-4.11328125
-2.21875000
-3.67968750
-1.71093750
-3.88281250
-2.52734375
-4.88281250
-6.45312500
-9.64062500
-4.05078125
-5.94531250
-2.41796875
-4.58984375
-3.34375000
-3.71093750
-4.16015625
-3.92968750
-2.74218750
-2.97265625
-1.97265625
-4.39062500
-5.01953125
-4.16015625
-2.12500000
-2.58984375
-3.62109375
-1.72656250
-2.75781250
-4.19140625
-4.20312500
-3.78906250
-3.88281250
-1.67968750
-4.42187500
-3.08203125
-1.98828125
-2.64843750
-3.48046875
-3.86718750
-3.51171875
-3.98828125
-3.23437500
-3.78906250
-0.74218750
-3.98828125
-3.63671875
-1.91015625
-3.15625000
-4.74218750
-1.26562500
-3.39062500
-4.17578125
-3.28125000
-3.37500000
-5.31250000
-3.51171875
-2.58984375
-1.43359375
-2.38671875
-4.86718750
-3.85156250
-4.58984375
-3.25000000
-5.68359375
-3.78906250
-3.29687500
-4.05078125
-1.48046875
-4.68359375
-4.03515625
-3.51171875
-2.35937500
-3.05078125
-3.48046875
-4.00390625
-2.03515625
-5.28125000
-3.21875000
-3.11328125
-3.15625000
-5.60546875
-1.84765625
-2.41796875
-2.78906250
-3.60546875
-3.12890625
-4.34375000
-2.57421875
-4.37500000
-1.92578125
-3.35937500
-1.95703125
-4.55859375
-4.09765625
-4.85156250
-3.34375000
-2.36328125
-2.62890625
-2.45312500
-2.74218750
-2.48046875
-2.51171875
-2.69921875
-2.57031250
-2.71484375
-2.45312500
-2.10156250
-2.57031250
-2.55468750
-2.57031250
-2.61328125
-2.61328125
-2.30468750
-2.65625000
-2.52343750
-2.23437500
-2.27734375
-2.46484375
-2.51171875
-2.52343750
-2.37890625
-2.16015625
-1.94140625
-2.14453125
-2.43750000
-2.52343750
-2.46484375
-2.42187500
-0.25000000
-0.48046875
-0.43750000
-0.35156250
-0.41015625
-0.08593750
-0.35156250
-0.39453125
-0.39453125
-0.04296875
0.24609375
0.34765625
0.21484375
0.55078125
0.21484375
0.25781250
-3.63281250
-4.90625000
-3.80859375
-4.36328125
-4.58203125
-4.17578125
-5.78125000
-5.00781250
-5.12500000
-5.34375000
-6.14453125
-5.67968750
-4.49609375
-3.58984375
-3.76562500
-4.16015625
-4.97656250
-4.53906250
-5.00781250
-4.73046875
-6.59765625
-4.62890625
-4.78906250
-6.48046875
-4.48046875
-4.87500000
-5.10937500
-5.23828125
-4.57031250
-6.89062500
-4.67187500
-4.73046875
-6.14453125
-4.40625000
-4.99218750
-4.97656250
-4.16015625
-4.78906250
-4.97656250
-3.51953125
-3.44531250
-4.71484375
-6.24609375
-5.32812500
-6.64062500
-5.21093750
-4.93359375
-3.42968750
-4.67187500
-4.73046875
-4.55468750
-6.01171875
-5.44531250
-4.53906250
-6.71484375
-0.57031250
-3.26953125
-4.85937500
-5.78125000
-4.80078125
-5.25390625
-4.52343750
-5.37109375
-4.24609375
-5.03515625
-4.87500000
-4.51171875
-3.48828125
-5.15234375
-5.92578125
-5.31250000
-0.53906250
-3.86718750
-3.86718750
-6.58203125
-4.14453125
-6.05859375
-6.45312500
-5.70703125
-4.68359375
-5.26953125
-4.64062500
-5.22656250
-3.09375000
-4.77343750
-6.27734375
-4.39453125
-2.89062500
-6.28906250
-3.67968750
-4.37890625
-4.29296875
-6.43750000
-5.21093750
-4.58203125
-5.21093750
-4.77343750
-4.77343750
-4.33593750
-4.84765625
-3.42968750
-5.89843750
-4.36328125
-2.59765625
-1.64843750
-5.31250000
-4.62890625
-5.03515625
-5.63281250
-5.85156250
-5.64843750
-5.35546875
-4.85937500
-4.53906250
-4.14453125
-3.42968750
-3.72265625
-5.13671875
-5.21093750
-4.45312500
-2.17578125
-5.21093750
-4.89062500
-6.07031250
-5.45703125
-4.51171875
-4.93359375
-4.33593750
-3.70703125
-4.85937500
-4.59765625
-3.62109375
-3.88281250
-4.46484375
-3.88281250
-5.47265625
-4.84765625
-4.81640625
-4.52343750
-4.36328125
-5.70703125
-3.47265625
-4.30468750
-4.24609375
-4.23437500
-4.49609375
-3.32812500
-3.31250000
-5.17968750
-4.81640625
-4.58203125
-4.83203125
-4.97656250
-4.59765625
-5.07812500
-3.50390625
-4.87500000
-5.37109375
-4.23437500
-3.79687500
-4.85937500
-5.42968750
-4.27734375
-5.35546875
-4.81640625
-4.21875000
-4.67187500
-4.59765625
-6.11718750
-5.21093750
-5.44531250
-5.01953125
-5.34375000
-4.53906250
-4.69921875
-4.02734375
-4.59765625
-5.17968750
-4.18750000
-3.34375000
-4.04296875
-5.38671875
-5.06640625
-4.23437500
-5.13671875
-4.67187500
-5.92578125
-4.59765625
-6.32031250
-6.55468750
-6.56640625
-4.36328125
-4.68359375
-4.39453125
-4.26171875
-4.53906250
-6.17578125
-5.15234375
-5.01953125
-6.00000000
-5.75000000
-5.00781250
-4.80078125
-5.53125000
-6.74218750
-5.44531250
-5.95703125
-5.37109375
1.05859375
0.71875000
0.28906250
0.12500000
0.59765625
0.98437500
0.66015625
0.14062500
-0.03515625
-0.49609375
-0.70312500
-0.10937500
0.12500000
-0.28515625
-0.19921875
0.62890625
0.57031250
0.25781250
-0.03515625
-0.12500000
0.42187500
0.67187500
0.40625000
-0.09375000
-0.34765625
-0.71875000
-0.53906250
-0.27343750
-0.15234375
-0.52343750
-0.65625000
0.52343750
0.74609375
0.96875000
1.08984375
0.79296875
1.07421875
0.76171875
0.70312500
0.42187500
0.49609375
0.36328125
0.08203125
0.10937500
-0.44921875
-0.49609375
-0.74609375
0.31640625
4.91796875
3.43359375
4.51953125
3.80468750
3.85156250
4.91796875
4.25000000
4.69531250
2.33593750
4.41406250
0.91015625
4.20703125
3.15234375
2.83984375
1.13281250
3.76171875
4.87500000
4.26562500
5.14062500
5.82421875
4.72656250
4.73828125
3.35937500
3.19531250
2.39453125
4.02734375
3.95312500
3.68750000
4.39843750
1.47656250
2.18750000
3.73046875
5.62890625
4.44531250
3.95312500
5.94140625
6.08984375
3.52343750
5.37890625
1.78515625
6.10546875
2.54296875
5.10937500
3.28515625
4.87500000
4.75390625
3.50781250
5.30468750
4.76953125
5.69140625
4.78515625
1.35546875
4.00000000
2.96093750
4.39843750
4.50390625
0.82031250
5.71875000
6.56640625
3.41796875
3.71484375
4.48828125
4.04296875
3.91015625
5.21484375
3.40625000
4.62109375
3.70312500
3.31640625
5.57031250
3.01953125
1.83203125
-3.98437500
2.76562500
4.81250000
2.46875000
5.51171875
1.87500000
2.02343750
2.91406250
3.93750000
4.94921875
4.44531250
2.94531250
4.72656250
3.77734375
5.48046875
3.58203125
-3.04687500
1.60937500
3.21093750
4.08593750
1.37109375
2.61718750
3.49218750
3.26953125
4.53125000
4.47265625
2.78125000
2.32031250
3.49218750
4.59375000
4.47265625
0.68750000
-2.37890625
1.47656250
0.77734375
3.62890625
2.24609375
3.56640625
2.57421875
3.65625000
4.76953125
2.51562500
2.82421875
2.89843750
3.21093750
2.36718750
4.38281250
1.35546875
0.39062500
2.78125000
2.46875000
1.77343750
1.19140625
2.42578125
3.26953125
4.30859375
4.47265625
3.13671875
2.82421875
2.87109375
4.35546875
5.66015625
3.19531250
2.97265625
0.86718750
2.85546875
2.92968750
3.13671875
2.79687500
3.19531250
3.70312500
3.50781250
3.91015625
6.16406250
4.19140625
3.89453125
5.34765625
5.28906250
4.01171875
3.40625000
2.55859375
4.19140625
3.70312500
0.40625000
3.56640625
3.74609375
2.18750000
3.21093750
6.96484375
5.70312500
5.97265625
4.76953125
4.44531250
5.30468750
4.82812500
3.43359375
2.97265625
3.37500000
2.15625000
3.85156250
3.59765625
4.66796875
3.52343750
3.95312500
4.33984375
5.58593750
3.22656250
2.64843750
4.11718750
4.26562500
4.56250000
2.21875000
3.68750000
2.58984375
3.98437500
2.69140625
3.96875000
4.10156250
3.55468750
3.22656250
4.28125000
1.84765625
2.58984375
3.67187500
3.33203125
3.71484375
2.54296875
2.26171875
3.83593750
2.29296875
2.63281250
0.46484375
1.35546875
3.16796875
2.26171875
4.80078125
1.05859375
1.55468750
1.32031250
0.64843750
0.79687500
2.35546875
3.69921875
4.35546875
4.03125000
2.79296875
1.11718750
1.00000000
1.71484375
2.33984375
1.87500000
1.83203125
-0.64453125
-0.01953125
-0.13281250
-0.80468750
-0.93750000
0.53125000
2.09375000
2.73437500
2.33984375
1.08593750
-0.16406250
-0.66015625
-0.13281250
0.47265625
0.30078125
0.41406250
1.64062500
1.56640625
1.87500000
1.17578125
1.26171875
1.83203125
2.28125000
2.48828125
2.05078125
2.53125000
1.87500000
2.48828125
2.22265625
2.28125000
1.89062500
2.21093750
1.81640625
0.63281250
2.92578125
0.40234375
-0.22265625
4.19531250
4.76171875
3.53515625
4.08984375
4.17968750
2.38671875
0.40234375
1.77343750
4.00390625
1.81640625
3.01171875
1.24609375
1.87500000
1.77343750
1.65625000
-2.20703125
4.87890625
1.33593750
4.57421875
3.39062500
1.36328125
2.23828125
0.09375000
1.52343750
0.75000000
1.39453125
-0.03125000
0.57812500
1.24609375
0.56250000
1.67187500
1.84375000
1.94921875
1.46484375
3.78515625
6.08984375
-0.44140625
1.00000000
-1.87109375
2.47265625
1.30468750
-0.03125000
0.51953125
1.62500000
1.91796875
1.40625000
-0.35156250
-0.07421875
-0.99609375
2.53125000
7.50390625
-0.83593750
0.88281250
0.94140625
-1.06640625
0.40234375
0.24218750
-0.08984375
-0.35156250
-0.00390625
0.88281250
1.81640625
-0.87890625
-1.11328125
2.33984375
2.28125000
4.85156250
-5.00390625
1.43750000
1.91796875
-1.72265625
1.91796875
2.23828125
0.96875000
0.40234375
1.23437500
1.04296875
1.49609375
-0.41015625
-1.67968750
1.46484375
3.08593750
-3.28515625
1.97656250
1.45312500
-1.06640625
1.87500000
0.24218750
2.19531250
-1.65234375
-0.71875000
0.96875000
-0.10546875
1.68359375
-0.32421875
0.18359375
2.26953125
2.92578125
5.27343750
2.03515625
-0.76171875
0.10937500
0.91015625
2.99609375
0.34375000
0.85546875
0.86718750
-1.02343750
-0.13281250
1.21875000
-1.44531250
0.54687500
1.65625000
2.98437500
0.94140625
3.58203125
2.35546875
1.59765625
1.11718750
0.02343750
-0.08984375
0.08203125
0.92578125
0.73828125
1.21875000
0.88281250
0.44531250
1.36328125
3.20312500
1.05859375
2.69140625
5.67968750
0.88281250
2.37109375
-0.26562500
1.75781250
1.90234375
0.73828125
1.77343750
0.09375000
1.59765625
-0.30859375
0.15234375
2.57421875
2.25390625
3.20312500
4.23828125
1.34765625
2.91015625
1.64062500
0.51953125
0.83984375
2.79296875
1.17578125
2.54687500
-0.19140625
-0.07421875
2.86718750
0.30078125
0.38671875
2.57421875
4.03125000
2.35546875
3.55078125
3.01171875
1.21875000
2.21093750
0.50390625
2.01953125
1.84375000
0.72265625
1.71484375
4.03125000
2.57421875
-0.20703125
1.42187500
2.01953125
2.26953125
4.06250000
3.20312500
0.80859375
2.15234375
0.82421875
1.65625000
3.85937500
3.09765625
1.73046875
3.56640625
2.61718750
3.82812500
2.92578125
1.94921875
4.32421875
3.80078125
4.12109375
5.02343750
5.14062500
0.75000000
3.62500000
4.00390625
3.76953125
3.48046875
2.82421875
-1.84765625
-0.26562500
0.03906250
0.08593750
-0.87500000
-0.38671875
0.21875000
0.45312500
0.70703125
0.52734375
0.35156250
0.05468750
0.08593750
0.61718750
0.57031250
-0.28125000
-1.98437500
-1.05078125
-0.38671875
-0.41406250
-0.75390625
-0.42968750
0.02343750
0.45312500
0.50000000
0.36328125
-0.11718750
-0.19140625
-0.14843750
0.08593750
0.07031250
-1.21484375
1.14843750
1.03125000
1.47265625
1.90234375
0.92578125
1.41406250
1.16406250
1.71093750
1.88671875
1.44531250
1.42968750
1.20703125
0.92578125
0.98828125
0.75000000
0.55859375
-2.16015625
-1.91015625
-0.50390625
-1.48046875
0.70703125
-1.96875000
-0.75390625
1.10546875
-0.82812500
1.00000000
-1.03515625
1.74218750
-0.81250000
-0.22265625
-2.66406250
1.29687500
-2.51562500
-0.50390625
0.32031250
-0.66796875
-1.84765625
-1.87890625
-1.18359375
0.05468750
-0.11718750
1.20703125
0.61718750
-0.87500000
0.00000000
-0.63671875
-2.32421875
-1.06640625
-0.76953125
-1.44921875
-1.67187500
-1.36328125
-2.33593750
-0.73828125
-1.12500000
-1.30078125
-4.18750000
0.23046875
1.63671875
-1.05078125
-1.92187500
0.07031250
0.64453125
-2.07031250
-4.02343750
-0.82812500
-0.96093750
-0.65234375
-1.53906250
-5.78515625
0.76562500
-7.45703125
2.03515625
-1.61328125
1.35546875
-0.65234375
-0.81250000
-0.39843750
0.15625000
0.09765625
-2.88671875
-1.31640625
-1.05078125
-1.89453125
-3.75781250
-0.14843750
-4.62890625
-8.69921875
6.54687500
1.56250000
2.10937500
-1.83593750
-0.94921875
-1.98437500
0.37890625
-0.46093750
-3.09375000
-1.53906250
-1.25781250
-3.00390625
-0.41406250
0.20312500
3.30859375
1.26562500
-0.67968750
-1.10937500
-3.09375000
-1.80468750
-0.71093750
3.02734375
0.00000000
-1.53906250
0.75000000
-0.05859375
-1.39062500
0.76562500
-1.57031250
0.24609375
1.31250000
-4.06640625
-1.18359375
-0.69531250
0.03906250
0.45312500
0.24609375
2.33203125
1.63671875
-1.76171875
-1.86328125
-3.93359375
0.24609375
-1.57031250
-0.47265625
1.28125000
1.57812500
0.20312500
-5.10546875
1.78515625
0.63281250
-2.85546875
1.78515625
-1.40625000
1.14843750
-1.62890625
-1.43359375
-0.85937500
0.17187500
0.21875000
-1.55468750
1.13281250
1.91796875
-1.78906250
3.85546875
0.83984375
-2.21875000
0.46875000
-0.47265625
1.75390625
-0.23828125
-0.76953125
-2.04296875
0.42578125
-0.47265625
-1.57031250
-0.59375000
1.07421875
-0.11718750
0.55859375
-0.07421875
0.02343750
1.22265625
-1.67187500
3.01171875
0.11328125
0.15625000
-0.33984375
-1.01953125
0.05468750
1.16406250
1.01562500
-0.08984375
-0.93359375
-1.15625000
-0.59375000
2.65625000
-0.17968750
0.27734375
1.37109375
1.40234375
-0.31250000
1.01562500
-0.93359375
-0.93359375
0.58593750
2.96875000
-1.37500000
-0.33984375
-0.84375000
-1.67187500
-1.19921875
0.89843750
0.92578125
1.13281250
-0.48828125
-0.51953125
1.25390625
1.35546875
-0.14843750
-1.30078125
-1.73046875
0.71875000
-1.03515625
0.00000000
-1.67187500
-0.88671875
1.20703125
-1.36328125
0.08593750
0.63281250
-0.28125000
0.66015625
2.62890625
1.65234375
0.64453125
1.45703125
0.71093750
0.53515625
0.60546875
1.26171875
1.08593750
0.85546875
0.82031250
0.33984375
0.64062500
1.06640625
1.28125000
1.17578125
0.83593750
0.42968750
-0.24218750
1.65625000
0.66015625
0.64062500
0.98046875
1.10156250
1.19140625
1.05078125
0.94531250
1.14062500
1.24609375
1.21093750
1.08593750
1.06640625
1.12109375
1.17578125
1.21093750
1.10156250
0.76562500
0.50000000
0.53515625
0.69531250
0.94531250
0.96093750
1.17578125
0.55078125
0.39062500
0.12500000
0.05468750
0.17968750
0.01953125
0.08984375
0.19531250
4.16015625
3.53906250
3.03906250
3.46875000
3.12890625
2.93359375
3.09375000
4.26562500
4.35546875
1.93750000
3.85937500
3.76953125
3.23437500
2.75781250
2.08203125
2.72265625
3.46875000
3.05859375
2.27734375
2.82812500
2.36718750
2.75781250
2.56250000
3.02343750
1.19140625
2.89843750
2.57812500
3.21875000
2.36718750
1.97265625
1.76171875
2.06250000
2.56250000
3.14843750
2.61328125
3.28906250
1.56640625
3.89453125
3.43359375
-3.07031250
-2.32421875
1.19140625
3.48437500
4.80078125
3.28906250
3.53906250
2.56250000
2.64843750
3.53906250
2.93359375
2.63281250
1.77734375
3.34375000
2.36718750
1.70703125
-1.94921875
3.00390625
4.12500000
3.21875000
1.28125000
3.39453125
3.25390625
1.79687500
2.57812500
3.66406250
3.23437500
2.06250000
3.96484375
2.87890625
2.50781250
1.95703125
-0.79296875
-1.04296875
2.73828125
1.47656250
3.35937500
2.20703125
1.54687500
3.71484375
2.04687500
4.08984375
2.68359375
3.46875000
3.21875000
4.25000000
1.85156250
2.32812500
-0.35156250
-3.05078125
2.63281250
1.77734375
4.26562500
2.27734375
3.27343750
3.50390625
1.69140625
4.53515625
4.12500000
2.27734375
3.69921875
4.05468750
4.51562500
2.57812500
1.45703125
-1.04296875
2.82812500
3.91015625
3.76953125
2.63281250
1.49609375
1.53125000
3.55468750
3.18359375
2.77343750
3.30859375
4.42578125
4.85156250
4.19531250
4.01953125
0.99609375
-2.16406250
2.48828125
3.57421875
1.51171875
3.69921875
3.32421875
2.72265625
2.31250000
3.75000000
2.59765625
4.41015625
3.58984375
4.03515625
1.47656250
3.51953125
3.78906250
1.14062500
3.18359375
1.92187500
2.41796875
2.36718750
4.14062500
2.95312500
1.93750000
4.26562500
4.25000000
3.75000000
3.85937500
2.47265625
4.03515625
3.53906250
2.04687500
3.14843750
2.25781250
3.51953125
2.82812500
2.89843750
2.68359375
0.50000000
1.81250000
3.60937500
2.89843750
1.35156250
2.16796875
3.05859375
4.85156250
3.98437500
3.71484375
1.88671875
1.40625000
2.91796875
3.66406250
3.94531250
3.11328125
3.21875000
2.41796875
3.16406250
3.39453125
1.45703125
1.56640625
4.58593750
4.26562500
4.21484375
3.76953125
2.09765625
3.25390625
2.63281250
5.35156250
3.69921875
2.29296875
4.03515625
3.11328125
4.60546875
3.87500000
3.96484375
4.17968750
5.26171875
3.44921875
4.46093750
3.71484375
4.07031250
2.70312500
4.92578125
3.58984375
4.65625000
4.32031250
3.35937500
2.91796875
-4.33203125
-3.96875000
-4.70703125
-4.65625000
-3.64062500
-3.36718750
-3.46875000
-3.84765625
-3.96875000
-4.48437500
-4.53515625
-4.03906250
-3.66015625
-3.72656250
-4.86328125
-4.86328125
-3.83203125
-4.10546875
-4.29687500
-4.39843750
-3.88281250
-3.46875000
-3.45312500
-3.64062500
-3.98437500
-4.38281250
-4.34765625
-3.88281250
-3.55468750
-3.83203125
-4.46875000
-4.10546875
2.65234375
2.54687500
2.23828125
2.41015625
2.49609375
2.44531250
2.48046875
2.82421875
2.32421875
2.33984375
2.51562500
2.58203125
2.75390625
2.22265625
2.41015625
2.56640625
4.56250000
3.30468750
5.05859375
2.73828125
5.54296875
4.95703125
3.73437500
4.78515625
4.14843750
4.04687500
4.37109375
2.99609375
4.28515625
2.83984375
3.28906250
2.80468750
4.49218750
3.58203125
2.39453125
4.47656250
4.09765625
3.68359375
5.00781250
4.44140625
4.75000000
4.11328125
3.44140625
2.54687500
4.52734375
2.33984375
1.42968750
4.87109375
5.07812500
3.63281250
3.25390625
4.25000000
4.32031250
4.66406250
5.83593750
4.11328125
4.44140625
5.57812500
2.16796875
3.58203125
2.30859375
1.92968750
2.53125000
2.63281250
5.42187500
2.61718750
3.06250000
3.41015625
3.11718750
4.37109375
4.49218750
5.40625000
1.20703125
3.04687500
1.53125000
2.71875000
3.97656250
2.51562500
0.39843750
3.25390625
3.51171875
3.13281250
3.30468750
4.14843750
3.75390625
3.76953125
4.61328125
2.27343750
6.00781250
3.89062500
4.69921875
4.44140625
4.33593750
2.96093750
2.97656250
2.77343750
1.89453125
2.58203125
3.64843750
2.54687500
3.32421875
1.91015625
3.78515625
0.96484375
5.26562500
2.53125000
3.21875000
3.71875000
4.57812500
1.63671875
2.28906250
2.94531250
3.16796875
3.78515625
3.28906250
3.13281250
2.54687500
4.47656250
4.40625000
3.14843750
3.16796875
2.80468750
4.07812500
2.22265625
2.73828125
4.42187500
2.16796875
5.50781250
2.89062500
3.41015625
2.89062500
3.08203125
4.99218750
2.53125000
4.33593750
3.68359375
2.73828125
2.51562500
2.11718750
4.49218750
3.32421875
2.87500000
2.66796875
3.25390625
3.46093750
3.32421875
2.85937500
3.56250000
4.56250000
5.32031250
1.72265625
1.42968750
2.99609375
3.66796875
4.69921875
3.46093750
5.98828125
3.71875000
3.14843750
4.14843750
5.21484375
2.44531250
3.09765625
4.21875000
4.97265625
3.59765625
3.35546875
3.46093750
3.63281250
3.64843750
4.52734375
4.47656250
4.71484375
3.28906250
3.69921875
3.90625000
5.80078125
4.50781250
3.75390625
1.65234375
4.47656250
3.20312500
3.99218750
4.40625000
4.87109375
5.02734375
4.35546875
2.71875000
4.16406250
4.87109375
3.18359375
3.94140625
3.16796875
3.46093750
2.23828125
2.35937500
4.44140625
3.28906250
4.42187500
4.02734375
4.40625000
3.37500000
3.87109375
3.41015625
4.16406250
5.14453125
2.03125000
3.21875000
5.42187500
3.80468750
2.80468750
4.21875000
4.04687500
5.30078125
4.57812500
3.33984375
4.37109375
4.13281250
3.63281250
5.69531250
5.75000000
3.04687500
4.13281250
3.66796875
-5.53125000
-6.19531250
-5.96875000
-5.94140625
-5.95703125
-5.92578125
-5.86328125
-5.96875000
-6.22656250
-6.03125000
-5.84765625
-5.87890625
-5.98437500
-6.30468750
-6.04687500
-5.62109375
-6.04687500
-6.31640625
-6.42578125
-6.42578125
-6.18359375
-6.16796875
-6.27343750
-6.31640625
-6.37890625
-6.43750000
-6.08984375
-6.03125000
-6.00000000
-6.28906250
-6.46875000
-6.24218750
-0.36328125
-0.05859375
-0.54296875
-0.78515625
-0.08984375
0.04296875
0.11718750
0.10156250
-0.04296875
0.05859375
0.66015625
0.63281250
1.05468750
0.75390625
0.99609375
0.84375000
-1.37500000
-2.88671875
-2.38671875
-1.96484375
-1.67578125
-2.81250000
-5.21484375
-2.73437500
-0.13671875
-3.29296875
-1.60156250
-4.59375000
-2.52343750
-3.56640625
-1.85937500
-5.69921875
-3.17578125
-1.69140625
-4.01953125
-3.40234375
-1.44921875
-3.40234375
-4.71484375
-1.78125000
-3.35546875
-2.46484375
-3.02343750
-2.26562500
-4.48828125
0.61718750
-1.90234375
-1.44921875
-1.82812500
-4.09765625
-4.01953125
-5.53125000
-6.39453125
-3.11328125
-5.69921875
-8.79687500
1.88671875
-3.85546875
-2.61328125
-4.18750000
-2.78125000
-4.56640625
-3.16015625
-3.23437500
-2.90234375
-3.75000000
-4.68359375
-3.05468750
-2.83984375
-2.16015625
-2.85546875
-6.45312500
-2.40234375
-3.52343750
-5.24609375
-7.48046875
-1.37500000
-3.35546875
-2.44921875
-1.70703125
-2.19140625
-1.96484375
-4.05078125
-3.03906250
-3.68750000
-6.39453125
-4.94140625
-8.16406250
0.31250000
-3.91406250
-6.18359375
-2.17578125
-4.79296875
-3.42968750
-3.65625000
-1.46484375
-3.06640625
-4.17187500
-3.21875000
-3.62890625
-3.33984375
-4.59375000
-5.51562500
-7.46875000
2.12890625
-2.40234375
-0.21093750
-4.71484375
-4.39843750
-1.98046875
-3.00781250
-5.36718750
-1.73828125
-3.46093750
-4.36718750
-3.68750000
-5.26171875
-2.87109375
-3.68750000
-1.93359375
0.04296875
-4.15625000
-1.63281250
-5.47265625
-4.03515625
-6.80078125
-2.12890625
-2.93359375
-2.25000000
-2.14453125
-4.56640625
-3.30859375
-2.78125000
-2.66015625
-5.83593750
-3.14453125
-1.52734375
-3.41406250
-3.50781250
-1.25390625
-1.34375000
-1.07421875
-3.96093750
-3.46093750
-4.88281250
-4.60937500
-1.72265625
-3.83984375
-3.80859375
-4.88281250
-1.99609375
-4.71484375
-3.71875000
-2.19140625
-0.76953125
-3.09765625
-1.10156250
-2.10156250
-1.91796875
-1.54296875
-1.94921875
-3.38671875
-3.70312500
-3.49218750
-3.98828125
-4.59375000
-2.25000000
-2.78125000
-2.16015625
-2.93359375
-2.37109375
-1.04296875
-4.79296875
-3.08203125
-2.79687500
-3.49218750
-4.73046875
-3.62890625
-5.45703125
-3.58203125
-5.84765625
-1.81250000
-3.18750000
-2.31250000
-2.79687500
-2.08593750
-1.31640625
-2.43359375
-3.46093750
-2.07031250
-4.36718750
-3.98828125
-5.50000000
-3.29296875
-6.37890625
-5.09375000
-1.40625000
-3.18750000
-3.82421875
-2.99218750
-1.32812500
-2.43359375
-2.99218750
-3.14453125
-2.62890625
-4.47265625
-2.66015625
-2.23828125
-1.31640625
-3.75000000
-2.31250000
-3.17578125
-2.19140625
-3.40234375
-2.02343750
-4.09765625
-1.60156250
-4.79296875
-2.59765625
-1.66406250
-2.81250000
-4.03515625
-6.46875000
-4.10937500
-0.22656250
-0.49218750
-0.58203125
-0.43359375
-0.18359375
0.09375000
0.09375000
-0.05078125
-0.08203125
-0.43359375
-0.69921875
-0.14062500
0.09375000
-0.18359375
-0.55078125
-0.24218750
0.10937500
-0.12500000
-0.24218750
0.13671875
0.51953125
0.57812500
0.53515625
0.30078125
0.21093750
-0.03515625
0.09375000
0.43359375
0.46093750
-0.18359375
-0.39062500
0.07812500
-0.28515625
-0.46484375
-0.46484375
-0.52343750
-0.09375000
-0.35937500
-0.34375000
-0.34375000
-0.30078125
-0.44921875
-0.27343750
-0.14062500
-0.30078125
-0.21093750
0.17968750
-0.30078125
5.07812500
5.42968750
4.50000000
5.44531250
5.44531250
4.91406250
4.58984375
5.42968750
4.98828125
4.17578125
4.88671875
6.07812500
6.15234375
5.29687500
5.50390625
3.95703125
6.19921875
5.63671875
4.01562500
5.38671875
4.69531250
4.81250000
8.02734375
4.07421875
6.56640625
7.73046875
5.67968750
4.91406250
5.50390625
5.97656250
4.36718750
5.66796875
6.19921875
5.80078125
3.71875000
6.07812500
6.37500000
5.44531250
6.10937500
2.85156250
0.89062500
7.02343750
3.44140625
5.15234375
4.56250000
5.21093750
4.47265625
3.88281250
6.03515625
3.60156250
4.62109375
5.81250000
5.38671875
6.96484375
5.74218750
-0.35937500
5.22265625
7.78906250
4.07421875
4.50000000
6.10937500
3.76562500
3.18750000
4.53125000
4.63281250
5.65234375
4.81250000
5.69531250
6.62500000
6.62500000
5.16406250
2.52734375
4.66406250
4.36718750
4.98828125
5.93359375
5.51953125
6.34375000
4.63281250
5.67968750
3.80859375
3.48437500
4.44140625
4.87109375
4.30859375
5.10546875
4.95703125
2.91015625
10.12109375
4.69531250
5.80078125
5.78515625
4.00000000
1.62500000
4.92968750
4.78125000
3.39453125
3.02734375
4.62109375
5.35546875
5.23828125
4.32421875
4.57421875
4.04296875
7.65625000
6.68359375
5.51953125
3.50000000
3.75000000
3.85156250
2.66015625
4.98828125
4.73828125
4.13281250
4.91406250
4.51562500
5.40234375
4.22265625
5.16406250
6.77343750
5.51953125
3.98437500
4.62109375
3.38281250
5.03125000
4.48828125
2.93750000
5.22265625
4.91406250
3.69140625
4.30859375
4.62109375
5.78515625
5.51953125
2.34765625
5.06250000
3.71875000
4.50000000
4.03125000
5.59375000
5.78515625
2.82031250
3.64453125
4.19140625
4.62109375
4.48828125
5.04687500
3.73437500
3.71875000
3.57421875
3.80859375
5.44531250
4.57421875
4.72265625
4.54687500
4.63281250
7.40625000
3.77734375
2.18750000
4.39843750
4.30859375
5.63671875
3.63281250
3.82421875
4.05859375
4.03125000
5.26953125
4.16406250
5.48828125
3.82421875
6.28515625
3.10156250
4.83984375
4.91406250
5.42968750
5.23828125
4.94531250
2.67187500
5.54687500
4.67968750
4.16406250
4.72265625
4.10546875
5.59375000
5.53515625
4.88671875
4.01562500
4.72265625
4.82421875
5.06250000
5.13671875
4.03125000
4.82421875
6.18359375
3.30859375
5.10546875
5.59375000
5.06250000
6.03515625
5.50390625
6.35937500
5.85937500
5.66796875
5.26953125
6.28515625
3.30859375
4.62109375
4.92968750
2.05468750
2.38281250
2.29687500
2.18359375
2.75000000
2.98046875
2.85156250
2.76562500
2.36718750
2.65234375
2.65234375
2.87890625
2.75000000
2.89453125
2.26953125
2.32421875
2.67968750
2.79296875
2.59375000
2.39453125
2.71093750
3.19140625
3.12109375
2.87890625
2.53906250
2.59375000
2.76562500
2.98046875
3.12109375
3.17968750
2.67968750
2.60937500
1.48437500
1.35546875
1.79687500
2.09765625
1.89843750
1.92578125
1.48437500
1.24218750
1.85546875
1.72656250
2.09765625
2.05468750
2.05468750
1.75390625
1.76953125
1.72656250
-1.03125000
-1.91015625
-0.83203125
-0.63281250
0.40234375
0.01953125
0.51953125
-1.24218750
-0.55859375
-1.17187500
-0.51562500
1.65625000
0.85937500
-0.51562500
-1.00000000
-1.11328125
-0.61718750
-0.70312500
-0.23437500
0.30468750
0.75781250
0.87500000
0.51953125
-0.20312500
0.37500000
0.10546875
-0.70312500
-0.33203125
1.67187500
0.84375000
-0.46093750
-0.11718750
-0.30468750
0.10546875
-0.94531250
0.70312500
-0.07421875
0.35937500
0.98828125
0.43359375
0.94531250
-0.40234375
1.01562500
-1.51171875
0.74609375
-0.04687500
0.64453125
-1.85546875
-0.81640625
0.61718750
0.00390625
-0.40234375
1.11718750
2.48046875
1.47265625
3.16406250
1.24218750
-0.34765625
1.52734375
0.41796875
2.11328125
-0.70312500
0.87500000
-0.39062500
0.84375000
0.34765625
-0.28906250
-0.85937500
0.26171875
2.39453125
0.04687500
5.21484375
1.11718750
-0.27343750
1.18750000
-0.78906250
1.64062500
-1.00000000
0.00390625
-0.00390625
-1.39843750
-0.03515625
0.32031250
-1.08593750
-0.91406250
1.41406250
0.91796875
2.12500000
4.21875000
-0.85937500
1.62890625
-0.06250000
0.14843750
0.32031250
0.94531250
0.73046875
-1.08593750
-0.00390625
-0.67187500
-0.48828125
0.55859375
0.90234375
0.35937500
-2.23828125
0.92968750
0.60156250
-0.40234375
0.67578125
0.16015625
0.54687500
0.35937500
0.01953125
-0.39062500
-0.74609375
-0.40234375
-0.60156250
-1.78515625
-0.21875000
2.16796875
0.28906250
1.55468750
-0.41796875
-0.74609375
0.47656250
-1.12890625
0.21875000
-0.34765625
-0.92968750
-0.94531250
-0.63281250
-0.78906250
-1.45703125
-1.46875000
1.72656250
1.14453125
0.20312500
0.00390625
0.55859375
0.27734375
0.40234375
-0.11718750
-0.11718750
-0.41796875
-0.26171875
-2.25390625
-1.46875000
-2.26562500
-2.18359375
0.43359375
-0.17578125
-0.73046875
-0.71484375
-2.35156250
-0.03515625
-0.88671875
-0.00390625
0.97265625
-1.00000000
-1.37109375
-2.80859375
0.33203125
1.58593750
0.71875000
-0.20312500
-0.37500000
-0.54687500
-0.46093750
-0.66015625
0.10546875
-0.68750000
-0.24609375
-0.68750000
1.19921875
-0.78906250
-0.53125000
-1.03125000
0.21875000
-0.21875000
-0.10546875
-1.44140625
-0.87109375
-0.75781250
-0.87109375
-1.66796875
0.16015625
-0.51562500
-0.33203125
0.35937500
0.71875000
0.92968750
-0.94531250
-0.94531250
0.03515625
-0.77343750
-0.19140625
-0.61718750
-0.27343750
-0.74609375
-0.64453125
0.33203125
-1.00000000
0.66015625
-1.04296875
-0.87109375
-0.68750000
0.07812500
0.94531250
1.41406250
5.21093750
4.95312500
5.23828125
5.69531250
5.37500000
5.37500000
4.89062500
4.92187500
5.14843750
5.61718750
5.89062500
5.95312500
5.48046875
5.51171875
5.17968750
4.84765625
5.34375000
5.01171875
5.37500000
6.02734375
5.63281250
5.17968750
4.90625000
4.93750000
5.31640625
5.98046875
6.23828125
5.76953125
5.42187500
5.02734375
5.57421875
5.92187500
0.34765625
0.27343750
0.13671875
0.68359375
0.51562500
0.74218750
0.24218750
0.37890625
0.36328125
0.50000000
0.63671875
0.63671875
0.84765625
0.36328125
0.66796875
0.68359375
1.19531250
0.75781250
0.80468750
0.84765625
1.58984375
1.41015625
1.05859375
0.41015625
0.63671875
-0.13281250
-0.75390625
1.69531250
1.24218750
1.19531250
0.57421875
0.50000000
1.45312500
0.60546875
0.58984375
0.01562500
-1.78125000
1.80078125
0.80468750
-0.60156250
1.41015625
0.18359375
0.06250000
0.03125000
1.25781250
-1.10156250
0.66796875
-1.26953125
-0.08593750
0.56250000
-0.44921875
0.33203125
1.21093750
-1.39062500
0.60546875
-0.41796875
-2.85937500
-0.28515625
0.07421875
0.45312500
0.86328125
0.84765625
0.66796875
0.41015625
0.10546875
-0.79687500
0.51562500
-0.10156250
0.15234375
-1.49609375
-1.11718750
-2.03906250
0.39453125
-0.39062500
0.91015625
1.17968750
0.95312500
1.12109375
-0.17578125
-0.26953125
-0.35937500
-0.67578125
0.25781250
-0.75390625
1.04687500
0.39453125
0.39453125
-5.55468750
1.30078125
0.37890625
-0.48046875
0.00000000
0.89453125
0.62109375
0.24218750
-0.05468750
0.98437500
1.25781250
-0.22265625
0.36328125
1.60546875
0.46875000
-1.58593750
-2.07031250
0.28906250
0.37890625
-1.13281250
0.78906250
-0.46484375
-0.89062500
1.24218750
0.83203125
0.24218750
0.87890625
1.19531250
-0.08593750
0.43750000
0.77343750
0.48437500
-1.79687500
-0.69140625
1.41015625
0.51562500
1.08984375
-0.25390625
1.24218750
0.16796875
1.36328125
-0.78515625
0.12109375
-0.07031250
-0.34375000
1.03125000
-0.82812500
0.07421875
-1.11718750
-0.69140625
1.22656250
0.68359375
-0.43359375
0.83203125
-0.29687500
2.27343750
1.10546875
0.91015625
0.56250000
-0.79687500
0.75781250
0.74218750
-0.52734375
-0.28515625
0.92578125
-0.29687500
1.05859375
0.18359375
-0.39062500
0.48437500
0.39453125
1.39453125
-0.07031250
-0.82812500
1.08984375
0.22656250
-0.34375000
0.13671875
0.00000000
-1.22265625
0.60546875
-0.04296875
0.07421875
0.06250000
-0.53906250
-0.64843750
0.39453125
-1.43359375
0.00000000
0.12109375
0.58984375
-0.49609375
0.77343750
0.81640625
-0.07031250
-0.08593750
0.10546875
0.56250000
-0.72265625
-0.05468750
0.07421875
-0.76953125
0.48437500
-0.17578125
-1.17578125
-0.64843750
0.33203125
0.19531250
0.57421875
-0.26953125
0.45312500
0.46875000
0.19531250
0.15234375
0.71093750
0.13671875
1.03125000
0.24218750
0.75781250
-0.02734375
0.69531250
-0.46484375
0.87890625
-0.25390625
0.60546875
-0.26953125
0.84765625
-0.35937500
0.71093750
-0.29687500
-0.37500000
-0.20703125
-0.78515625
-1.41796875
-0.41796875
-0.05468750
0.01562500
3.29687500
2.76171875
1.92578125
1.17968750
1.82031250
2.27734375
2.58203125
2.53515625
2.06250000
1.58984375
1.05859375
1.08984375
1.68359375
1.78906250
1.46875000
1.54687500
3.38671875
3.09765625
2.30468750
1.42187500
1.83593750
2.53515625
3.06640625
2.94531250
2.58203125
1.75781250
1.25781250
1.21093750
1.86328125
2.24609375
1.65234375
2.18359375
2.35156250
2.14062500
2.06250000
0.98046875
0.99609375
1.28515625
2.60937500
2.18359375
1.26953125
0.72265625
0.03906250
0.28125000
-0.01953125
0.63281250
-0.03515625
-0.38281250
-0.93359375
2.94531250
0.49609375
0.44921875
-2.22656250
1.74218750
0.05468750
3.25000000
1.41015625
0.22265625
0.90625000
-0.70312500
0.40234375
0.52343750
-1.14453125
-1.66406250
0.28125000
0.96484375
0.31250000
-0.81250000
2.99218750
3.43359375
0.49609375
1.75781250
0.78515625
-0.46093750
-0.93359375
0.81640625
-0.00390625
-1.14453125
0.63281250
1.94140625
1.85156250
2.26171875
4.48437500
-0.94921875
0.23437500
2.65625000
4.40625000
-6.47265625
0.51171875
1.24218750
-0.03515625
-0.37109375
-0.93359375
-0.00390625
0.61718750
-1.08593750
1.45312500
2.24609375
1.50000000
3.63281250
-0.47656250
3.23437500
0.43359375
-0.44531250
-1.63281250
2.64062500
-2.85156250
-0.59765625
0.00781250
-0.23046875
2.59765625
0.22265625
1.54687500
1.85156250
1.77343750
-0.71875000
2.09375000
-0.10937500
-0.27734375
6.14453125
2.91406250
-0.64453125
-0.55078125
2.09375000
-2.59375000
1.21093750
-1.80078125
-0.53515625
1.17968750
2.30468750
-0.66015625
2.65625000
1.92578125
-0.05078125
0.41796875
-0.32421875
-4.12890625
1.13281250
2.59765625
-0.62890625
-1.05468750
0.34375000
0.02343750
-0.87109375
1.87890625
1.55859375
0.84375000
2.38281250
-0.01953125
-0.78125000
1.41015625
8.48828125
1.62109375
0.66406250
0.43359375
0.43359375
0.51171875
-1.07031250
0.99609375
-1.69531250
2.04687500
3.02343750
1.48437500
2.33593750
-0.78125000
4.21093750
3.31250000
4.02734375
5.30468750
0.61718750
-0.55078125
1.89453125
1.28515625
1.74218750
0.93750000
-2.82031250
1.19531250
3.66015625
2.45703125
0.82812500
-0.75000000
0.38671875
3.85937500
3.28125000
-1.34375000
0.87500000
-0.23046875
-1.92187500
1.10546875
1.57421875
1.89453125
-0.32421875
2.68750000
2.99218750
1.21093750
1.85156250
1.26953125
-0.12500000
3.63281250
1.55859375
1.71093750
-0.26171875
-2.33203125
2.33593750
-0.55078125
-0.58203125
-0.49218750
-0.85546875
0.53906250
-0.58203125
3.81250000
2.10937500
-2.22656250
1.77343750
1.68359375
1.97265625
-0.21875000
-1.92187500
-0.64453125
2.58203125
-0.55078125
1.17968750
-0.94921875
0.29687500
-0.24609375
1.91015625
1.21093750
-1.28125000
1.04296875
0.73828125
2.87109375
1.42187500
1.87890625
-0.97656250
0.17578125
-0.99218750
1.42187500
0.53906250
0.16015625
1.30078125
0.89062500
-2.39453125
-1.26562500
-0.42968750
-1.81640625
-1.72265625
1.16406250
0.20703125
-0.53515625
-2.13671875
-0.35546875
1.53125000
-0.38281250
2.44531250
1.85156250
-0.82421875
-3.67578125
-3.39453125
-3.46484375
-3.26562500
-3.50781250
-3.51953125
-3.44921875
-3.67578125
-3.78515625
-3.74609375
-3.35156250
-3.11328125
-3.44921875
-3.50781250
-3.71484375
-4.05468750
-2.87500000
-2.77343750
-3.04296875
-2.85937500
-2.67578125
-2.67578125
-2.94531250
-3.15625000
-3.51953125
-3.33593750
-3.00000000
-2.59375000
-2.55078125
-2.91406250
-3.09765625
-3.77343750
0.71875000
0.53906250
0.63671875
1.01562500
0.97265625
0.78906250
0.95703125
0.60937500
0.57812500
0.60937500
0.43750000
0.78906250
0.84765625
0.53906250
0.36718750
0.45312500
-0.58203125
-0.85156250
-0.87890625
-0.86328125
-0.96093750
-0.69531250
-1.28515625
-0.87890625
-0.83593750
-0.86328125
-1.20312500
-1.44140625
-1.08984375
-0.75000000
0.31250000
-0.12109375
-0.40234375
-1.62109375
-1.14453125
-0.45703125
-0.85156250
-0.00781250
-0.99218750
-0.58203125
-0.62500000
-1.76171875
-0.00781250
-1.07421875
-1.55078125
-0.12109375
-0.24609375
-1.13281250
-1.11718750
-0.46875000
-0.86328125
-0.89062500
0.08593750
-1.56640625
-1.27343750
0.59375000
0.07421875
-2.14453125
-0.21875000
-0.12109375
-0.08984375
0.17187500
-0.71093750
-0.16015625
-1.16015625
-1.14453125
-0.69531250
-0.83593750
-1.51171875
-0.89062500
-1.13281250
3.22265625
0.92968750
-1.24218750
-0.55468750
0.22656250
-1.39843750
-1.97265625
-1.83203125
-1.62109375
-0.93359375
-0.28906250
-1.17187500
-0.51171875
0.12890625
-0.17578125
0.62109375
-0.00781250
1.33984375
-0.45703125
-0.46875000
-0.82031250
-0.26171875
-0.01953125
-0.67968750
-1.16015625
-0.21875000
-0.72265625
-1.28515625
0.46875000
-0.82031250
0.66406250
-0.52734375
-0.79296875
-1.32812500
0.33984375
-0.30078125
-0.16015625
-0.28906250
-0.16015625
-2.66406250
-1.45312500
-0.75000000
-1.91796875
-0.10546875
-1.23046875
-0.85156250
-0.23046875
0.14453125
-0.42968750
0.42578125
-1.07421875
-2.31250000
0.26953125
-0.66796875
-1.77734375
-0.59765625
0.39843750
1.00000000
-0.53906250
-1.28515625
-1.42578125
-0.75000000
-0.73828125
-1.28515625
-0.28906250
-0.66796875
-0.93359375
-0.60937500
0.62109375
-0.72265625
-1.11718750
0.26953125
-0.00781250
-0.50000000
-1.62109375
-0.75000000
-1.39843750
-0.59765625
-0.53906250
-0.65234375
-0.89062500
-0.24609375
-0.97656250
-0.75000000
-1.42578125
-0.75000000
-0.76562500
-1.38281250
-2.12890625
-1.44140625
-0.50000000
-1.00390625
-1.13281250
-0.27343750
0.11718750
-0.65234375
0.03125000
-1.48437500
-1.06250000
-1.77734375
-0.48437500
-1.63671875
-0.72265625
-0.38671875
-0.17578125
-0.83593750
-1.45312500
-1.10156250
-0.20312500
-1.86328125
-0.59765625
-1.82031250
-0.73828125
-2.55078125
-1.03125000
-1.48437500
0.03125000
-1.27343750
-1.73437500
-0.93359375
-1.73437500
-2.46484375
-0.37109375
-0.75000000
-0.33203125
-0.20312500
-2.04296875
-1.21484375
-0.92187500
-1.11718750
-0.89062500
-0.80859375
-0.94921875
-1.42578125
-2.91406250
-1.28515625
-2.07421875
-0.30078125
-0.99218750
-1.51171875
-1.25781250
-0.83593750
0.11718750
-0.35937500
-1.87500000
-2.11328125
-0.21875000
-1.00390625
-1.46875000
-1.32812500
-0.92187500
-1.72265625
-1.55078125
3.57812500
3.59375000
3.26953125
3.17968750
3.06250000
2.67578125
2.73437500
2.83984375
3.23828125
3.04687500
3.17968750
2.97265625
3.06250000
3.03125000
3.64062500
2.82421875
3.00390625
3.01562500
2.70703125
2.12890625
2.14453125
1.93750000
2.14453125
2.39453125
2.44140625
2.18750000
2.11328125
2.05468750
2.20312500
2.54296875
2.70703125
2.41015625
-1.99609375
-1.99609375
-2.61718750
-2.60156250
-2.98828125
-2.75000000
-2.50000000
-2.27734375
-2.50000000
-2.75000000
-2.39453125
-2.67578125
-2.64843750
-1.95312500
-2.36718750
-2.89843750
1.64062500
0.81250000
0.39843750
0.16015625
1.61328125
-0.63281250
-1.30078125
0.70703125
-0.25000000
0.38281250
0.69531250
-2.32031250
-0.05859375
-1.56640625
-0.67968750
-0.69531250
1.69921875
2.42578125
-0.67968750
-1.04687500
0.39843750
-2.18750000
1.01953125
-0.90234375
1.18359375
0.44140625
0.13281250
1.52343750
1.87890625
1.61328125
0.26562500
-0.55859375
2.54296875
0.54687500
-0.47265625
-2.26171875
0.13281250
1.40234375
-0.69531250
-1.92187500
1.49218750
-0.19140625
0.00000000
0.38281250
-0.96093750
-1.03515625
-1.80468750
-0.67968750
0.82812500
-0.82812500
-1.25781250
1.52343750
-0.13281250
-1.01953125
-0.35156250
-1.37500000
-6.18359375
-1.43359375
-3.41796875
2.17187500
0.98828125
0.33984375
0.50000000
-0.16015625
0.75390625
1.18359375
-0.08593750
-0.10156250
0.29296875
-1.95312500
-0.30859375
0.02734375
2.30859375
0.30859375
-0.55859375
1.35937500
-2.63281250
1.03515625
-0.01171875
-0.44140625
1.33203125
0.05859375
0.19140625
-0.62109375
-1.28515625
1.68359375
-0.13281250
3.69921875
4.66015625
-0.32421875
1.05078125
-2.02734375
1.31640625
-0.81250000
-0.35156250
0.90234375
0.01171875
0.96093750
-1.65625000
-0.27734375
-1.28515625
-1.18359375
-0.41406250
1.31640625
7.23437500
-0.82812500
0.41406250
-1.21093750
-1.73046875
-1.59765625
1.55078125
0.41406250
0.81250000
0.41406250
0.00000000
-0.21875000
-0.17578125
0.35156250
-1.58203125
5.38671875
2.97265625
-0.78125000
-0.76562500
-0.75390625
1.21093750
0.90234375
0.19140625
0.72265625
0.00000000
0.30859375
0.41406250
0.75390625
-0.05859375
1.16796875
-0.50000000
-0.58984375
-1.31640625
0.42578125
-0.54687500
-2.94140625
0.60546875
-1.34375000
0.60546875
0.66406250
3.13671875
0.26562500
1.06250000
-0.05859375
-0.47265625
-1.50781250
0.33984375
0.79687500
2.03906250
-0.38281250
0.64843750
1.12109375
0.54687500
1.16796875
0.42578125
1.39062500
1.22656250
2.92968750
0.78125000
1.78906250
0.78125000
-1.12109375
2.03906250
1.98046875
1.61328125
1.30078125
1.96484375
1.83203125
2.57421875
0.32421875
0.48828125
1.33203125
4.42187500
0.87109375
3.19531250
1.33203125
0.82812500
2.23437500
1.10937500
1.71484375
3.03125000
1.65625000
1.43359375
2.01171875
3.19531250
1.84765625
2.10156250
2.11328125
3.12109375
2.72265625
0.53125000
1.77343750
2.27734375
0.53125000
2.66406250
2.52734375
1.24218750
0.08593750
2.36718750
2.69140625
3.17968750
1.93750000
0.76953125
-0.33984375
-0.46093750
-1.03515625
-0.17968750
0.96093750
0.80078125
-0.44531250
-0.91796875
-0.56250000
0.50390625
1.66406250
2.42968750
1.59375000
0.16796875
-0.47656250
0.00390625
-0.16796875
-0.57812500
-1.41406250
-0.30078125
1.01953125
0.90234375
-0.21093750
-0.79687500
-0.28515625
0.84375000
2.10546875
2.73828125
1.88671875
0.37109375
-0.30078125
0.21093750
0.07812500
-3.19531250
-3.38281250
-3.20703125
-2.78125000
-2.85546875
-3.54687500
-3.89843750
-3.54687500
-2.78125000
-2.41406250
-2.57812500
-3.01562500
-2.98828125
-3.16406250
-3.22265625
-3.42968750
0.63671875
-2.88671875
-0.38671875
1.59375000
0.37109375
-0.24218750
0.38671875
-0.15234375
0.16796875
3.03125000
3.33984375
1.31250000
-0.46093750
-0.75390625
-1.21093750
0.12109375
0.24218750
-1.46093750
-2.22265625
0.09375000
-4.79296875
-0.26953125
-0.00390625
-1.53515625
1.63671875
0.00390625
3.07421875
1.54687500
2.79687500
-1.90234375
-0.71093750
-1.54687500
-0.87109375
-2.06250000
-1.34375000
1.40234375
0.92968750
0.55078125
-1.96093750
2.07812500
-1.13671875
2.32812500
1.16796875
-0.06250000
0.51953125
-0.37109375
-0.60937500
-0.46093750
0.71093750
-1.38671875
0.18359375
3.01562500
0.76953125
-2.19531250
-0.46093750
1.82812500
-4.66406250
2.22265625
3.67968750
2.64843750
0.12109375
1.94531250
0.50390625
0.32812500
-0.09375000
-1.47265625
1.03515625
1.37109375
0.49218750
0.51953125
0.18359375
4.23828125
-8.36328125
3.19531250
4.48828125
2.66406250
0.78515625
0.98828125
0.91796875
1.06250000
1.56250000
-0.85546875
1.94531250
1.09375000
0.78515625
1.26953125
-1.63671875
1.12109375
4.14843750
2.28125000
3.47265625
2.54687500
0.40234375
1.37109375
1.54687500
1.75390625
-0.42968750
-0.66796875
0.12109375
1.67968750
1.60546875
0.32812500
0.67968750
2.35546875
5.50000000
2.07812500
2.70703125
2.70703125
2.58984375
1.78125000
0.90234375
1.75390625
-1.62109375
-1.94531250
1.19531250
-1.16406250
0.41796875
2.08984375
-0.35937500
0.87109375
4.16406250
2.82812500
3.48828125
0.44531250
1.67968750
0.28515625
1.38671875
1.69531250
0.03515625
-0.87109375
-1.47265625
1.47656250
0.71093750
0.82812500
-2.10546875
0.26953125
2.32812500
2.08984375
1.59375000
1.10546875
-1.57812500
-0.53515625
0.69531250
1.81250000
-0.84375000
-1.32812500
0.16796875
1.15234375
-0.15234375
-1.76953125
-1.03515625
0.00390625
0.32812500
1.48828125
1.94531250
-0.76953125
0.72656250
0.01953125
-1.87109375
0.40234375
-2.26953125
-1.07812500
-1.48828125
0.75390625
1.01953125
-0.97656250
1.09375000
-0.62109375
1.85546875
2.51953125
2.64843750
2.16406250
0.60937500
-1.04687500
1.60546875
-0.37109375
2.38671875
-0.75390625
0.91796875
1.97265625
0.75390625
2.22265625
-0.75390625
0.97656250
0.90234375
2.48828125
2.48828125
2.63671875
0.30078125
1.71093750
1.59375000
1.81250000
1.37109375
1.38671875
1.10546875
1.66406250
1.32812500
-0.09375000
0.00390625
1.56250000
1.56250000
2.17968750
2.44531250
2.48828125
2.41406250
0.59375000
1.46093750
-0.12109375
4.26171875
3.77343750
3.58203125
3.67187500
3.98046875
4.75000000
5.34375000
5.37109375
5.53515625
5.00000000
4.29296875
4.17187500
4.39453125
4.44140625
4.67578125
6.08203125
2.42968750
2.56250000
2.41406250
2.30859375
2.44140625
3.06250000
3.89062500
4.24609375
4.26171875
3.71484375
2.91796875
2.60546875
2.82812500
3.05078125
3.22656250
4.44140625
-9.84375000
-10.28515625
-10.07812500
-11.07031250
-10.21093750
-10.09375000
-9.38281250
-9.81250000
-10.21093750
-10.00390625
-10.06250000
-9.81250000
-10.67187500
-9.29687500
-10.01953125
-9.76953125
-0.49609375
2.42968750
-0.51171875
0.92187500
-0.39062500
-0.32031250
2.76953125
0.65234375
2.57812500
-3.20312500
0.19531250
-1.33984375
2.14843750
-2.18359375
0.80078125
1.82031250
-0.09765625
-0.39062500
0.87500000
-1.30859375
5.34375000
-0.18359375
0.12109375
3.13671875
1.05468750
1.67578125
-0.86718750
2.00000000
-2.66796875
2.17578125
1.17187500
0.84765625
-3.27734375
0.19531250
2.54687500
-0.91015625
0.21093750
1.45312500
1.49609375
0.59375000
5.85937500
-0.98437500
0.08984375
0.32812500
-0.28906250
-0.36328125
-0.95312500
0.35937500
-2.47656250
-2.19531250
-0.80468750
-4.28125000
-0.64453125
2.35546875
-0.83593750
-8.15625000
0.62500000
-0.23046875
-1.60546875
-0.49609375
-1.75390625
0.92187500
1.11328125
0.06250000
-0.15625000
-0.25781250
-1.58984375
-3.20312500
-1.41406250
-4.10546875
3.26953125
1.48046875
4.64843750
1.19921875
-2.62500000
0.06250000
-0.73437500
-1.00000000
1.00781250
1.17187500
1.14062500
1.33593750
-0.83593750
1.76171875
-2.01953125
-2.78906250
-4.56250000
9.41015625
-3.91406250
1.21484375
3.46484375
-1.45703125
2.57812500
-0.03906250
1.86718750
2.22265625
-1.82812500
-0.52734375
0.65234375
-1.28125000
1.03906250
-3.35156250
-1.58984375
-3.97265625
-2.09375000
4.60156250
0.99218750
0.06250000
0.99218750
3.12500000
0.50390625
0.03125000
1.37890625
3.50781250
0.43359375
2.75390625
0.35937500
0.26953125
0.94921875
-2.69921875
2.67968750
0.46093750
1.45312500
4.95703125
0.28515625
3.71484375
1.88281250
-0.86718750
1.34765625
1.79296875
1.88281250
0.51953125
1.70312500
-1.50000000
3.47656250
4.23437500
-2.81640625
1.55468750
1.66015625
2.71093750
3.92187500
2.28125000
3.25781250
1.33593750
0.10546875
-0.59765625
2.08984375
3.34375000
0.16406250
2.41406250
1.23046875
-0.48046875
2.33984375
1.19921875
1.45312500
3.12500000
0.87500000
2.72265625
6.62890625
1.45312500
0.55078125
2.32421875
0.93359375
0.56640625
1.54296875
1.60156250
0.84765625
3.37500000
0.29687500
1.33593750
0.77343750
-1.33984375
-1.41406250
1.71875000
-1.38281250
5.44531250
1.52734375
-1.83984375
-0.85156250
0.96484375
0.74218750
1.88281250
4.57421875
3.39062500
0.93359375
2.26562500
-0.40625000
2.84375000
2.50390625
0.08984375
0.38671875
1.66015625
-0.96875000
1.58593750
1.94140625
1.82031250
2.79687500
4.02734375
4.54296875
4.67578125
3.30078125
4.97265625
5.10546875
2.90234375
0.59375000
1.32031250
1.15625000
4.64843750
4.53125000
3.93750000
4.53125000
4.89062500
4.32812500
4.22656250
4.15625000
3.91796875
3.80078125
4.14062500
4.39453125
4.53125000
3.93750000
3.69921875
4.15625000
4.42968750
4.19140625
3.62890625
3.68359375
4.42968750
3.91796875
3.97265625
3.83593750
4.05468750
3.98828125
4.03906250
4.05468750
3.85156250
3.51171875
3.23828125
3.62890625
4.27734375
1.41796875
1.62109375
1.64062500
1.53906250
1.62109375
1.92968750
1.57031250
1.87890625
1.51953125
1.87890625
1.64062500
1.58984375
1.89453125
1.85937500
1.80859375
2.03125000
2.09765625
2.88281250
3.25781250
2.45703125
2.16796875
2.86328125
2.45703125
2.33593750
2.89843750
1.11328125
2.81250000
1.84375000
-0.09375000
1.85937500
0.97656250
2.09765625
2.38671875
1.94531250
2.54296875
3.13671875
2.35546875
3.62890625
2.42187500
3.49609375
1.85937500
1.77734375
1.75781250
1.19531250
1.38281250
0.77343750
1.72656250
2.18359375
2.03125000
2.81250000
1.96484375
2.25390625
0.37890625
2.57421875
1.82812500
-3.39453125
1.21484375
1.26562500
4.27734375
3.49609375
3.81640625
3.07031250
2.55859375
1.92968750
2.74609375
2.93359375
2.71093750
1.53906250
3.86718750
3.07031250
4.00390625
1.31640625
-0.96093750
3.85156250
3.10156250
2.64453125
2.71093750
-0.34765625
2.35546875
1.28125000
2.67578125
1.77734375
3.05078125
2.57421875
3.15234375
2.66015625
1.50390625
-0.96093750
-2.08203125
2.09765625
1.99609375
2.50781250
3.03515625
3.39062500
1.96484375
2.54296875
0.41406250
1.69140625
1.26562500
1.14453125
2.26953125
2.23437500
1.89453125
-0.26171875
0.16015625
2.35546875
1.60546875
2.66015625
4.03906250
3.71484375
1.60546875
1.35156250
2.91406250
1.41796875
1.84375000
2.23437500
1.19531250
1.96484375
2.73046875
-0.97656250
-3.17187500
2.33593750
1.92968750
4.63281250
1.46875000
1.99609375
1.31640625
2.06640625
0.60156250
1.36718750
1.26562500
0.53515625
4.00390625
2.38671875
2.67578125
0.56640625
-3.24218750
1.85937500
1.50390625
1.14453125
2.93359375
1.19531250
0.97656250
2.30468750
1.31640625
2.98437500
2.45703125
1.67187500
1.55468750
0.68750000
1.35156250
3.62890625
1.74218750
2.55859375
1.57031250
1.28125000
2.18359375
2.26953125
0.82421875
2.71093750
2.89843750
1.87890625
1.38281250
2.30468750
3.22265625
3.78515625
3.98828125
2.91406250
2.45703125
2.30468750
2.76171875
0.78906250
1.57031250
2.73046875
1.21484375
3.44531250
3.88671875
1.19531250
2.09765625
2.74609375
1.62109375
2.64453125
2.49218750
3.64843750
2.14843750
3.22265625
1.74218750
1.98046875
3.44531250
2.43750000
2.67578125
1.46875000
0.71875000
3.97265625
1.94531250
1.89453125
3.64843750
2.64453125
2.74609375
2.21875000
1.53906250
1.09375000
2.74609375
0.03906250
3.23828125
1.02734375
1.17968750
1.06250000
2.04687500
0.50000000
3.08593750
1.40234375
1.62109375
1.79296875
2.18359375
1.53906250
0.73828125
1.75781250
1.45312500
1.69140625
1.75781250
2.13281250
2.79687500
1.65625000
-3.87890625
-2.71484375
-2.32031250
-2.15234375
-3.21875000
-4.04687500
-4.28906250
-4.20312500
-3.94921875
-3.31640625
-2.44531250
-2.19140625
-2.40234375
-1.94140625
-0.91406250
-1.78515625
-2.33203125
-1.33593750
-1.16796875
-1.02734375
-1.57421875
-2.68359375
-3.21875000
-3.30468750
-3.05078125
-2.41796875
-1.41796875
-0.96875000
-0.71484375
-0.43750000
0.05078125
-0.88671875
-3.76562500
-3.23437500
-3.27343750
-2.61328125
-3.55468750
-4.17578125
-4.13281250
-3.71093750
-4.14843750
-4.80859375
-5.16015625
-4.76562500
-4.24609375
-4.55468750
-4.03515625
-4.57031250
-2.03906250
-0.14062500
-2.51562500
-2.19140625
-3.47265625
-1.96875000
-0.70312500
-2.69921875
-1.89843750
-0.40625000
-0.15625000
0.71484375
0.93750000
-0.28125000
1.27734375
1.48828125
-1.33593750
-2.92578125
0.41796875
-3.19140625
-0.23828125
-1.66015625
-0.21093750
-1.41796875
-2.69921875
-1.83984375
-2.78515625
0.92578125
1.28906250
-1.37890625
2.85156250
-0.98437500
-1.99609375
-1.85546875
0.20703125
-0.15625000
-0.42187500
-2.37500000
-2.93750000
7.05468750
-3.82421875
0.98046875
-1.25000000
3.91796875
-0.73046875
0.22265625
1.64062500
1.14843750
-1.81250000
-0.56250000
1.10546875
-1.73046875
0.33203125
-1.62890625
-0.58984375
2.89062500
-4.08984375
-1.60156250
-1.08203125
3.76562500
-0.88671875
1.91015625
0.41796875
0.41796875
-3.37500000
-1.47656250
-1.58984375
-2.05078125
0.36328125
-0.19531250
1.33203125
-7.26953125
3.89062500
-1.54687500
-1.53125000
-2.54296875
-1.95312500
-0.61718750
1.34765625
-1.33593750
-0.94140625
-0.80078125
-0.74609375
-0.18359375
0.19140625
-1.80078125
-5.41406250
-2.55859375
-0.44921875
-2.27734375
-2.16406250
-0.56250000
0.50390625
-2.58593750
-0.56250000
3.52343750
-3.55468750
-1.88281250
-0.50390625
-0.80078125
-2.55859375
-4.73828125
-4.14843750
-3.59765625
-5.90234375
0.10937500
-3.16406250
-1.44921875
-2.93750000
-0.64453125
-0.89843750
-1.87109375
-3.47265625
-2.36328125
-2.41796875
-1.13671875
-2.95312500
-4.46875000
-6.36718750
-7.05859375
-10.16406250
-3.24609375
-2.54296875
-4.72265625
-2.74218750
-2.12109375
-1.68750000
-0.28125000
-3.83593750
-0.75781250
-2.46093750
-3.24609375
-1.80078125
-5.20312500
-4.45703125
-2.19140625
-3.97656250
-5.97265625
-6.25390625
-5.23046875
-7.25390625
-3.12109375
-2.54296875
-1.92578125
-2.17968750
-4.42968750
-3.44531250
-2.55859375
-4.24609375
-3.59765625
-3.90625000
-4.64062500
-4.92187500
-6.14453125
-5.00390625
-2.68359375
-6.48046875
-4.01953125
-1.71484375
-0.77343750
-4.45703125
-2.16406250
-4.32812500
-6.18359375
-2.85546875
-6.00390625
-5.84765625
-6.18359375
-5.93359375
-5.07421875
-5.91796875
-6.31250000
-3.57031250
-2.48828125
-1.73046875
-3.65625000
-2.19140625
-3.06250000
-2.33203125
-4.18750000
-4.92187500
-4.37109375
-4.75000000
-5.37109375
-4.60937500
-2.86718750
-3.59765625
-0.82812500
-3.64062500
-0.04296875
-2.32031250
-2.51562500
-5.10156250
-1.74218750
-4.44140625
-2.62890625
-3.78125000
-4.92187500
-5.18750000
-5.14453125
-5.62109375
-2.53125000
-4.45703125
-2.68359375
-2.34765625
-2.16406250
-0.60546875
-1.32031250
-1.88671875
-3.33593750
-2.16015625
-2.43750000
-3.76953125
-5.90234375
-5.47265625
-3.58984375
-2.02343750
-1.22265625
-2.86718750
-4.84375000
-5.33593750
-4.00390625
-0.80859375
2.92968750
-5.57031250
-6.55078125
-5.33593750
-5.57031250
-8.11718750
-9.46875000
-8.82421875
-6.55078125
-4.86328125
-4.41406250
-6.37500000
-8.98046875
-9.60546875
-7.44921875
-4.02343750
-0.53515625
1.96875000
1.85156250
1.98828125
2.20312500
0.94921875
0.32421875
0.63671875
1.48046875
2.14453125
1.91015625
1.37890625
0.48046875
0.42187500
0.51953125
1.87109375
3.28125000
3.18359375
0.63671875
2.73437500
2.75390625
0.83203125
-0.24218750
-0.59375000
0.75390625
2.71484375
3.82812500
3.18359375
1.33984375
0.96875000
1.51953125
3.92968750
7.23828125
3.65234375
3.08593750
7.39453125
4.43750000
1.83203125
1.89062500
2.33984375
3.33984375
3.33984375
3.57421875
5.28125000
3.30078125
2.51562500
3.32031250
6.69140625
9.08203125
5.71093750
5.08203125
5.98437500
5.90625000
2.75390625
2.12500000
2.77343750
0.96875000
0.96875000
7.51171875
6.14062500
6.14062500
2.61328125
5.59375000
8.84375000
10.31640625
5.39843750
6.12109375
6.94531250
7.02343750
3.63281250
0.36328125
2.14453125
4.22265625
0.18750000
5.55468750
5.51562500
4.59375000
2.57421875
5.14062500
7.17968750
10.94140625
4.18359375
4.02734375
5.02343750
5.39843750
3.65234375
1.26171875
1.50000000
-4.62890625
-2.06250000
6.17968750
3.49609375
1.71484375
1.57812500
3.26171875
6.98437500
8.55078125
2.12500000
3.00781250
2.89062500
3.06640625
1.81250000
-1.12109375
-1.43750000
-4.16015625
0.18750000
2.26171875
0.67578125
1.32031250
-1.28125000
1.28125000
4.06640625
7.47265625
2.73437500
1.83203125
3.30078125
3.24218750
1.18359375
-0.65234375
0.14843750
-0.88671875
-1.82812500
1.57812500
1.77343750
-0.04687500
-1.14062500
0.67578125
2.69531250
6.31640625
-0.04687500
0.38281250
2.65625000
2.00781250
-0.04687500
-2.41406250
-1.53515625
0.96875000
-2.69140625
2.94921875
1.46093750
-1.51562500
-1.18359375
-0.96484375
4.18359375
4.24218750
5.02343750
2.71484375
3.53515625
3.55468750
1.79296875
-0.22265625
1.46093750
2.47656250
4.43750000
4.33984375
1.89062500
0.65625000
-1.69140625
3.18359375
4.35937500
7.41406250
5.06250000
5.65234375
5.16015625
5.26171875
2.89062500
4.12500000
2.63281250
5.02343750
3.75000000
5.57421875
4.86718750
1.20312500
2.45703125
3.35937500
6.25781250
8.64843750
5.00390625
4.39843750
6.43359375
6.90625000
4.76953125
3.86718750
2.92968750
4.69140625
6.53515625
6.71093750
6.31640625
5.30078125
4.96484375
6.25781250
8.08203125
9.92187500
3.39843750
4.41796875
6.23828125
5.32031250
4.57421875
1.85156250
0.89062500
2.57421875
5.20312500
6.92578125
5.06250000
3.75000000
1.42187500
4.04687500
5.78906250
8.78515625
0.71484375
0.34375000
2.43750000
1.00781250
-0.75000000
-1.20312500
-2.33593750
-0.67187500
0.40234375
2.00781250
0.06640625
-1.41796875
-0.94531250
1.91015625
2.94921875
5.57421875
3.41015625
3.10546875
3.00000000
3.16796875
3.57421875
3.80078125
3.83203125
3.78515625
3.32031250
3.36328125
3.30468750
3.51562500
3.48437500
3.03125000
2.60937500
3.39453125
3.22656250
3.03125000
2.88281250
3.00000000
3.36328125
3.58984375
3.81640625
3.80078125
3.58984375
3.22656250
3.28906250
3.48437500
3.39453125
2.98828125
2.89453125
3.25781250
3.55859375
3.30468750
3.62109375
3.62109375
3.51562500
3.77343750
3.78515625
3.66406250
3.80078125
3.81640625
3.60546875
4.08984375
3.74218750
3.62109375
3.66406250
4.04296875
0.42187500
-0.43750000
0.23828125
0.96484375
0.32812500
1.67187500
0.34375000
0.91796875
0.39062500
0.52734375
1.11328125
1.92968750
0.90234375
0.43750000
0.78125000
0.90234375
-0.84375000
-0.33203125
0.00000000
0.30078125
0.14843750
0.46484375
0.26953125
1.26562500
-0.22265625
0.78125000
-0.07421875
0.69140625
0.14843750
1.70312500
1.43359375
2.06640625
0.67578125
-0.67578125
0.35937500
0.04296875
-0.55468750
0.26953125
0.52734375
3.12109375
0.98046875
-0.48046875
0.32812500
1.41796875
0.01171875
0.32812500
-0.05859375
1.14453125
0.49609375
0.13281250
0.61718750
0.52734375
0.52734375
1.43359375
1.64453125
0.66406250
2.41406250
0.91796875
1.29687500
-0.31640625
0.26953125
0.69140625
0.42187500
0.94921875
0.78125000
0.49609375
-0.25390625
0.40625000
0.31640625
0.48046875
0.00000000
4.10546875
2.42968750
-0.72265625
1.28125000
0.58593750
0.63281250
-0.40625000
1.03906250
1.21875000
0.13281250
-0.44921875
0.55468750
0.55468750
1.19140625
-0.76953125
4.08984375
0.11718750
2.03515625
-0.21093750
1.49218750
0.87500000
0.43750000
2.33593750
-0.44921875
0.93359375
1.11328125
0.26953125
0.08984375
0.73828125
0.64843750
-0.21093750
-0.07421875
3.63671875
4.44921875
0.70703125
1.59765625
-0.01171875
0.04296875
0.14843750
0.13281250
-0.82812500
1.64453125
0.93359375
0.21093750
0.43750000
0.52734375
1.68750000
1.00781250
1.49218750
4.73828125
-0.33203125
-0.08984375
0.42187500
-0.04296875
0.01171875
-0.57031250
0.23828125
0.07421875
0.05859375
0.93359375
-1.16015625
-0.05859375
0.17968750
1.38671875
-1.08593750
1.10156250
-0.21093750
1.21875000
1.68750000
1.11328125
0.21093750
0.16406250
0.01171875
0.23828125
0.28515625
-0.13281250
0.00000000
0.23828125
0.99609375
0.57031250
-0.13281250
0.10546875
-0.14843750
0.78125000
0.08984375
1.05468750
0.54296875
0.39062500
-0.40625000
1.03906250
0.31640625
-0.44921875
-0.52734375
0.21093750
0.43750000
0.34375000
-0.25390625
1.38671875
0.11718750
0.85937500
0.90234375
1.05468750
0.55468750
0.22265625
1.31250000
0.52734375
-0.55468750
-0.26953125
0.19531250
1.68750000
0.99609375
-0.26953125
-0.26953125
-0.25390625
0.98046875
1.99218750
0.88671875
1.02343750
0.49609375
0.85937500
0.10546875
0.73828125
0.46484375
0.73828125
-0.34375000
1.07031250
1.53906250
1.55078125
0.48046875
1.87109375
0.55468750
0.99609375
0.98046875
2.06640625
1.33984375
0.60156250
1.07031250
-8.98828125
-9.07812500
-8.53906250
-8.26562500
-9.74218750
-8.96093750
-8.53906250
-8.26562500
-7.99609375
-7.90625000
-8.02734375
-8.80859375
-9.35156250
-9.65234375
-8.59765625
-8.66015625
-9.89062500
-8.66015625
-8.62890625
-8.29687500
-8.83984375
-8.83984375
-8.56640625
-8.35546875
-8.47656250
-8.35546875
-8.29687500
-8.77734375
-8.68750000
-9.01953125
-8.83984375
-9.50000000
3.73828125
3.25390625
3.43750000
3.34375000
2.98437500
2.89453125
2.95312500
2.92578125
2.62500000
2.65234375
2.32031250
2.44140625
1.99218750
0.87890625
1.75000000
1.92968750
-13.86328125
-11.39843750
-12.81250000
-14.25390625
-12.69140625
-12.23828125
-12.32812500
-9.77343750
-11.30468750
-11.51562500
-11.15625000
-12.99218750
-14.13671875
-10.40234375
-14.70703125
-9.83203125
-11.91015625
-10.88671875
-10.88671875
-13.26171875
-11.78906250
-11.18750000
-10.70312500
-10.43359375
-10.10156250
-11.72656250
-10.73437500
-14.19531250
-13.05078125
-13.02343750
-11.63671875
-13.05078125
-10.55468750
-11.69921875
-12.83984375
-10.94531250
-9.92187500
-12.42187500
-8.47656250
3.37500000
-12.72265625
-11.39843750
-11.93750000
-10.28515625
-13.53515625
-12.05859375
-12.23828125
-11.27734375
-10.70312500
-12.39062500
-12.23828125
-9.98046875
-13.23437500
-12.81250000
-14.34765625
-6.03906250
10.71875000
-9.98046875
-10.28515625
-14.52734375
-12.92968750
-11.27734375
-13.65234375
-12.14843750
-14.76562500
-13.05078125
-11.30468750
-9.32031250
-11.84765625
-9.98046875
-10.37500000
0.54687500
5.72265625
-12.11718750
-8.66015625
-11.96875000
-12.32812500
-9.44140625
-10.67578125
-13.59375000
-12.62890625
-14.04687500
-12.42187500
-13.95312500
-11.33593750
-11.93750000
-5.82812500
-8.86718750
-4.71484375
-13.32421875
-13.38281250
-10.25390625
-14.46484375
-13.41406250
-10.43359375
-11.12500000
-11.93750000
-11.45703125
-14.19531250
-12.39062500
-10.82421875
-10.07421875
-13.35156250
-8.98828125
3.37500000
-11.91015625
-10.31250000
-11.24609375
-9.62109375
-9.83203125
-16.36328125
-9.77343750
-14.22656250
-13.77343750
-12.78125000
-12.62890625
-11.45703125
-13.83593750
-10.28515625
-9.44140625
0.57812500
-14.07421875
-10.61328125
-10.13281250
-10.61328125
-13.89453125
-11.69921875
-12.72265625
-10.22265625
-13.68359375
-13.23437500
-10.22265625
-12.42187500
-13.23437500
-12.78125000
-12.48046875
-11.09765625
-12.35937500
-11.75781250
-10.28515625
-9.56250000
-12.72265625
-12.90234375
-13.83593750
-12.53906250
-9.80078125
-11.42578125
-13.56250000
-14.16406250
-10.40234375
-15.06640625
-13.17187500
-9.67968750
-12.21093750
-11.24609375
-14.01562500
-10.64453125
-12.02734375
-14.40625000
-10.97656250
-11.54687500
-10.85546875
-10.43359375
-11.36718750
-9.10937500
-10.67578125
-8.32812500
-9.58984375
-7.72656250
-12.23828125
-11.03515625
-9.80078125
-12.32812500
-12.62890625
-10.19140625
-9.41015625
-9.35156250
-13.65234375
-12.23828125
-10.91406250
-12.35937500
-11.93750000
-10.13281250
-9.89062500
-13.35156250
-11.91015625
-12.02734375
-12.57031250
-14.01562500
-10.88671875
-11.06640625
-13.11328125
-12.62890625
-11.09765625
-13.59375000
-13.35156250
-12.35937500
-9.74218750
-10.28515625
-8.89843750
-8.77734375
-11.54687500
-9.77343750
-12.72265625
-11.81640625
-14.43750000
-10.85546875
-13.38281250
-7.82031250
-7.80468750
-8.05468750
-8.30859375
-8.35156250
-7.70312500
-7.62890625
-7.64062500
-7.89453125
-8.42578125
-8.58984375
-8.42578125
-7.99609375
-7.86328125
-8.44140625
-8.50000000
-7.14062500
-7.09375000
-7.35937500
-7.42187500
-7.19921875
-6.93359375
-6.93359375
-7.19921875
-7.49218750
-7.67187500
-7.48046875
-7.28515625
-7.09375000
-7.35937500
-7.86328125
-8.16015625
-6.42968750
-6.04296875
-6.28125000
-5.73437500
-6.11718750
-6.45703125
-6.47265625
-6.14843750
-5.89453125
-6.39843750
-6.90234375
-7.05078125
-6.91796875
-7.09375000
-6.91796875
-6.78515625
-1.28125000
-1.07421875
-2.58203125
-1.16406250
-1.13281250
-2.53906250
-1.26562500
-2.59765625
-2.35937500
-2.55468750
0.34375000
-0.80859375
-0.83593750
-1.84375000
-0.26171875
-1.53125000
-1.94531250
-2.42187500
-1.03125000
-0.43750000
-1.44531250
-1.85937500
-2.48046875
-0.24609375
-3.12890625
-1.63671875
-0.34765625
-2.19921875
-2.58203125
0.35546875
-0.89453125
0.62500000
-1.96093750
-1.56250000
-0.23046875
-0.89453125
-1.82812500
-0.96875000
-1.97656250
0.13671875
-1.29687500
-0.95703125
-2.92187500
-0.95703125
-1.57812500
-0.67578125
-0.73437500
-1.20703125
-2.06640625
-0.42187500
-1.63671875
-1.93359375
-0.39453125
-2.50781250
-0.92578125
-2.50781250
7.02734375
-1.60546875
-2.14062500
-0.95703125
-3.33593750
-3.97265625
-0.98437500
-0.86718750
0.26953125
-1.48828125
-2.56640625
-1.79687500
-0.17187500
-0.75000000
-0.71875000
0.08984375
-1.62109375
-2.87890625
-1.81250000
-2.89453125
-1.97656250
-2.42187500
-0.71875000
-1.44531250
-2.43359375
-2.06640625
-2.80468750
-2.46484375
-1.26562500
-1.22265625
-3.29296875
-1.47265625
-2.77343750
-1.96093750
-1.73828125
-3.14453125
1.32031250
-3.07031250
-1.81250000
0.41796875
-1.17578125
-1.32421875
-0.61328125
-0.92578125
-0.57031250
-1.62109375
-1.01562500
-3.69140625
-3.72265625
-0.64453125
-3.39453125
-1.53125000
-2.00390625
-2.68750000
-0.89453125
-2.48046875
1.12500000
-0.73437500
-0.40625000
-0.54296875
-1.42968750
-0.98437500
-2.43359375
-4.26953125
-2.12500000
-2.35937500
-2.74609375
-3.64843750
-1.71093750
-2.16796875
-2.12500000
-1.96093750
-1.04296875
-0.34765625
-0.03906250
-3.12890625
-2.03515625
-3.07031250
-1.44531250
-0.64453125
-2.33203125
-2.28515625
-2.10937500
-1.29687500
-3.04296875
-2.78906250
-1.37109375
-1.14843750
-0.42187500
-2.24218750
-1.90234375
-0.79296875
-0.55468750
-1.41406250
-0.61328125
-1.56250000
-0.58593750
-1.19140625
-1.75390625
-0.58593750
-2.16796875
-2.62890625
-2.87890625
-3.02734375
0.28515625
-1.82812500
-2.14062500
-1.78515625
-1.85937500
-2.58203125
-3.36718750
-1.03125000
-1.76953125
-1.81250000
-2.35937500
-1.25000000
0.47656250
-2.25781250
-3.27734375
0.37109375
-0.03906250
-1.73828125
-2.22656250
-0.66015625
-0.03906250
-1.42968750
-2.07812500
-3.38281250
-1.04296875
-0.33593750
-1.33984375
-2.55468750
-0.58593750
-0.70312500
-2.05078125
-2.50781250
-2.30078125
-2.24218750
-3.33593750
-1.65234375
-0.68750000
-4.25390625
-2.56640625
-1.42968750
-2.37500000
-2.40625000
-2.34765625
-2.48046875
0.08984375
-0.68750000
0.57812500
0.80078125
5.14453125
5.56640625
5.46484375
5.59765625
5.42187500
5.40625000
5.58203125
5.44921875
5.84375000
5.88671875
6.16015625
6.01562500
5.97265625
5.98828125
6.04687500
5.20312500
5.53906250
5.65234375
5.78515625
5.92968750
5.95703125
5.78515625
5.74218750
5.76953125
5.87109375
6.29296875
6.55468750
6.35156250
6.32031250
6.46484375
6.37890625
5.75390625
-1.28125000
-1.23828125
-1.64453125
-1.17968750
-0.58593750
-0.83203125
-1.01953125
-1.10546875
-1.20703125
-0.91796875
-0.97656250
-1.41015625
-1.17968750
-1.09375000
-1.05078125
-1.09375000
3.27343750
5.07421875
4.12890625
3.46093750
3.96875000
3.14062500
4.82812500
5.40625000
4.17187500
5.95703125
4.30468750
5.00000000
4.36328125
5.81250000
5.97265625
4.27343750
4.47656250
4.34765625
3.59375000
4.08593750
4.16015625
5.08593750
3.62109375
4.59375000
5.76953125
5.14453125
5.64062500
4.28906250
5.53906250
5.20312500
4.81250000
3.92578125
4.36328125
4.11328125
3.75390625
4.72656250
7.58593750
4.50781250
4.63671875
5.21875000
7.83203125
4.66796875
4.89843750
4.04296875
6.29296875
3.51953125
4.27343750
3.23046875
4.27343750
4.10156250
2.92578125
3.82421875
5.30468750
5.60937500
5.46484375
2.91015625
1.30078125
3.79687500
5.60937500
6.03125000
4.69531250
4.23046875
4.31640625
2.03906250
3.51953125
3.30078125
3.50390625
2.92578125
2.99609375
4.83984375
6.29296875
1.06640625
4.27343750
3.92578125
5.20312500
4.94140625
5.40625000
5.17578125
3.94140625
4.72656250
4.08593750
3.88281250
3.92578125
3.49218750
2.64843750
5.39062500
6.16015625
2.16796875
2.70703125
5.39062500
3.34765625
5.11718750
4.21484375
5.14453125
3.28906250
2.40234375
4.36328125
3.44921875
3.59375000
3.46093750
2.60546875
4.11328125
5.03125000
5.13281250
2.46093750
3.63671875
4.27343750
6.37890625
5.59765625
5.34765625
4.40625000
4.26171875
3.12890625
3.28906250
3.83984375
3.30078125
3.27343750
3.82421875
4.12890625
3.95703125
3.66406250
4.40625000
4.56640625
3.79687500
3.80859375
4.67968750
3.82421875
5.85546875
4.52343750
3.62109375
3.47656250
3.43359375
4.33203125
5.53906250
3.23046875
5.13281250
4.43359375
3.63671875
3.69531250
3.69531250
4.56640625
3.35937500
3.85546875
3.41796875
3.49218750
4.43359375
3.83984375
3.69531250
4.98437500
3.34765625
4.14453125
3.47656250
5.43750000
4.57812500
4.27343750
6.26171875
3.76562500
5.23437500
4.82812500
4.83984375
3.66406250
3.91015625
4.60937500
4.00000000
4.88281250
3.55078125
5.13281250
3.78125000
3.35937500
4.53515625
4.17187500
4.40625000
3.47656250
3.63671875
4.20312500
3.19921875
5.08593750
4.56640625
3.65234375
3.44921875
2.09765625
4.97265625
4.76953125
4.78125000
4.31640625
2.96875000
4.85546875
4.30468750
3.89843750
5.30468750
5.14453125
2.99609375
3.98437500
4.78125000
4.46484375
5.21875000
6.51171875
5.76953125
4.50781250
4.82812500
5.27734375
4.79687500
4.67968750
5.42187500
5.81250000
4.16015625
3.80859375
4.18750000
-3.33203125
-3.33203125
-3.94921875
-4.00781250
-3.82031250
-3.36328125
-3.27734375
-3.54687500
-4.05078125
-4.45312500
-4.46484375
-4.22265625
-3.89062500
-3.80468750
-4.22265625
-4.78125000
-2.37500000
-2.64453125
-3.14843750
-3.41796875
-3.01953125
-2.74609375
-2.85937500
-3.26171875
-3.64843750
-3.86328125
-3.90625000
-3.36328125
-3.06250000
-3.14843750
-3.73437500
-4.30859375
1.00390625
0.66015625
0.97656250
1.23437500
1.07812500
1.37890625
0.61718750
1.14843750
1.22265625
0.96093750
0.87500000
1.20703125
1.35156250
1.03515625
1.23437500
1.22265625
-2.10156250
-0.12109375
-1.09765625
-1.33984375
-1.74218750
-2.27343750
-1.14062500
-2.07031250
-1.92968750
-1.62890625
-1.19921875
-0.69531250
-3.40625000
-1.92968750
-0.17968750
-3.53515625
-0.06640625
0.14453125
-1.94140625
-0.25000000
0.56250000
-0.19531250
0.08984375
-1.24218750
-0.72656250
1.04687500
-2.42968750
-1.54296875
-0.96875000
-1.75781250
-1.76953125
-1.16796875
0.50390625
0.33203125
-1.46875000
-0.13671875
-3.41796875
-1.22656250
-1.12500000
2.16796875
-4.55078125
0.26171875
-0.99609375
-1.39843750
-0.41015625
-2.25781250
-0.58203125
-2.18750000
0.30468750
-1.01171875
-0.36718750
-0.36718750
-0.02343750
3.91406250
0.40234375
-0.06640625
3.62890625
-0.85546875
-1.09765625
-2.07031250
0.70312500
-2.66015625
-2.18750000
-2.47265625
-0.30859375
-0.43750000
-1.88671875
1.00390625
-0.20703125
2.21093750
-1.54296875
2.22265625
4.07421875
-3.83593750
-0.98437500
-0.41015625
-0.79687500
-1.01171875
-2.17187500
-0.91015625
-1.71484375
-2.07031250
-1.26953125
-1.35546875
-0.45312500
-0.46484375
3.05468750
-1.32812500
0.39062500
-2.00000000
-1.05468750
-0.13671875
-0.78125000
-1.29687500
-2.35937500
-2.53125000
-0.65234375
-2.24218750
-0.95312500
-0.52343750
-0.32421875
0.96093750
-2.50390625
-0.94140625
-4.52343750
-0.60937500
0.00390625
-2.96093750
-1.38281250
-2.84765625
-1.75781250
-3.06250000
-1.62890625
-0.35156250
-1.65625000
-0.48046875
0.60546875
-0.53906250
-0.78125000
-0.56640625
-0.60937500
-1.48437500
-2.17187500
-2.61718750
-1.91406250
-0.36718750
-3.07421875
-0.43750000
-2.17187500
-0.53906250
-0.86718750
-1.91406250
-1.67187500
0.51953125
-1.58593750
-0.29296875
2.88281250
-2.05859375
0.61718750
-0.15234375
0.83203125
-1.61328125
-2.14453125
0.23046875
0.41796875
-1.52734375
-1.46875000
-0.85546875
1.19140625
-0.91015625
0.07421875
0.10156250
0.77734375
-0.81250000
-1.05468750
-0.12109375
-0.49609375
-0.92578125
-0.48046875
-1.42578125
1.01953125
-0.62500000
-0.59765625
-0.72656250
-0.75390625
0.11718750
0.05859375
-0.86718750
0.69140625
0.01562500
-1.11328125
-2.08593750
0.08984375
-1.65625000
0.05859375
-2.24218750
-0.75390625
-0.25000000
-0.37890625
-1.32812500
-1.44140625
-1.05468750
0.28906250
0.34765625
-0.05078125
-1.09765625
0.69140625
-2.11328125
-0.85546875
-0.81250000
0.04687500
-1.01171875
1.08984375
-0.45312500
-1.29687500
-1.12500000
-0.26562500
-1.65625000
-0.86718750
-2.01562500
-0.99609375
-1.71484375
-2.46093750
-0.37890625
0.73437500
-2.48828125
0.08984375
-2.14453125
-2.96484375
-3.10156250
-3.23828125
-3.39453125
-3.05468750
-2.78125000
-2.76562500
-2.75000000
-3.05468750
-3.01171875
-2.79687500
-2.82812500
-2.75000000
-2.82812500
-3.26953125
-3.07031250
-2.46093750
-2.30859375
-2.47656250
-2.76562500
-2.15625000
-1.95703125
-2.06250000
-2.36718750
-2.52343750
-2.58203125
-2.47656250
-1.83203125
-1.84765625
-2.12500000
-2.61328125
-2.67578125
-0.91796875
-1.35937500
-1.22265625
-1.28515625
-1.03906250
-1.43750000
-0.94531250
-1.02343750
-1.46484375
-1.23828125
-1.71093750
-1.37500000
-1.51171875
-1.71093750
-2.03125000
-1.63671875
-11.08203125
-10.85156250
-10.71484375
-10.62500000
-11.34375000
-10.39453125
-10.34765625
-9.90625000
-11.31250000
-9.10937500
-10.85156250
-10.60937500
-11.66406250
-10.64062500
-11.35937500
-9.85937500
-11.57031250
-11.37500000
-9.89062500
-9.89062500
-9.20312500
-9.52343750
-12.97656250
-11.14453125
-11.21875000
-11.17578125
-10.65625000
-10.53125000
-10.73046875
-11.64843750
-11.25000000
-10.27343750
-9.85937500
-11.12890625
-10.62500000
-10.14843750
-8.22265625
-10.71484375
-9.61328125
-4.37109375
-3.41015625
-10.50000000
-9.60156250
-9.81250000
-8.83593750
-10.22656250
-11.14453125
-9.14062500
-10.37890625
-9.95312500
-11.44921875
-9.14062500
-9.98046875
-7.99609375
-9.37109375
1.31250000
-4.08203125
-8.16406250
-6.29687500
-8.20703125
-10.85156250
-10.57812500
-10.27343750
-11.00781250
-10.44140625
-11.16015625
-10.88281250
-11.23437500
-10.33203125
-9.41796875
-10.07421875
-2.59765625
-0.88671875
-10.54687500
-8.30078125
-9.82812500
-8.01171875
-9.64453125
-10.51562500
-9.76953125
-11.11328125
-10.64062500
-10.50000000
-10.30468750
-11.00781250
-10.19531250
-5.53515625
-4.73828125
-4.80078125
-10.05859375
-10.07421875
-9.64453125
-8.94140625
-8.51562500
-10.79296875
-11.41796875
-11.03515625
-10.62500000
-11.14453125
-11.63281250
-11.32812500
-11.17578125
-8.94140625
-2.32421875
-6.60156250
-10.92968750
-9.98046875
-9.15625000
-8.43750000
-9.26171875
-10.19531250
-10.25781250
-9.98046875
-10.10546875
-11.49609375
-11.66406250
-11.08203125
-10.51562500
-7.94921875
-7.66015625
-4.84375000
-9.92187500
-10.14843750
-7.03125000
-10.10546875
-10.71484375
-9.75390625
-9.52343750
-10.65625000
-11.78515625
-11.73828125
-11.71093750
-10.68359375
-8.65234375
-10.19531250
-9.69140625
-9.95312500
-10.14843750
-11.20312500
-10.22656250
-10.50000000
-10.30468750
-11.20312500
-10.53125000
-10.77734375
-10.25781250
-10.82421875
-11.55468750
-9.95312500
-10.82421875
-10.37890625
-10.62500000
-11.17578125
-10.56250000
-9.87500000
-11.38671875
-9.79687500
-10.50000000
-8.71484375
-9.89062500
-10.47265625
-12.90234375
-10.86718750
-9.25000000
-10.31640625
-10.56250000
-10.14843750
-11.35937500
-11.73828125
-10.31640625
-10.64062500
-9.05078125
-11.44921875
-10.50000000
-11.16015625
-9.10937500
-12.19921875
-9.90625000
-10.79296875
-11.58593750
-10.44140625
-10.51562500
-11.37500000
-11.52734375
-11.63281250
-12.73437500
-11.38671875
-11.67968750
-10.13671875
-11.83203125
-11.05078125
-10.85156250
-10.13671875
-12.01562500
-10.50000000
-11.80078125
-11.06640625
-10.21093750
-11.81640625
-12.08984375
-10.28906250
-11.44921875
-11.64843750
-11.25000000
-10.04296875
-9.99609375
-10.62500000
-10.89843750
-7.20312500
-7.54687500
-7.59375000
-7.47265625
-7.29296875
-7.41406250
-7.16015625
-7.17578125
-7.05468750
-6.96484375
-7.21875000
-7.33984375
-7.30859375
-7.38281250
-7.08593750
-6.71093750
-7.35546875
-7.39843750
-7.71093750
-7.84765625
-7.84765625
-7.54687500
-7.32421875
-7.27734375
-7.32421875
-7.36718750
-7.57812500
-7.66796875
-7.51953125
-7.36718750
-7.41406250
-7.20312500
-0.48046875
-0.13671875
0.09765625
-0.57031250
-0.22656250
-0.34765625
0.05468750
-0.25781250
-0.33203125
-0.30078125
0.03906250
0.03906250
0.24609375
0.42578125
0.47265625
0.27734375
-0.57031250
-1.48046875
-0.28515625
-1.00390625
0.32421875
0.93359375
-1.31640625
-0.22656250
-1.18359375
0.23437500
-0.86718750
-1.28906250
-1.73437500
-2.49609375
0.48828125
0.03906250
-1.58593750
-1.69140625
-3.05078125
-0.64453125
-0.95703125
-1.18359375
-1.04687500
-1.19921875
-0.44921875
-0.51171875
0.30859375
-0.91406250
-2.10937500
0.30859375
-0.09375000
-0.09375000
-0.51171875
-1.01953125
-1.75000000
-0.18359375
-0.35937500
-0.85546875
-0.16796875
-0.51171875
0.17187500
0.00781250
-0.37500000
-0.75000000
-1.10937500
-1.73437500
-1.52734375
-0.49609375
-0.69140625
-1.87109375
-1.30078125
-3.09375000
-1.37890625
-1.58593750
-0.52343750
0.26171875
1.83203125
-0.82421875
-0.04687500
-0.97265625
-1.16796875
-1.21093750
-0.51171875
-0.21093750
-0.31640625
-1.25781250
-0.73437500
-0.22656250
-2.23046875
-2.00390625
-2.10937500
0.02343750
-3.28906250
-1.10937500
-0.34765625
-1.00390625
-0.46484375
-0.79296875
-1.91406250
0.03906250
-0.12109375
-1.28906250
-0.13671875
-0.26953125
-1.34765625
-1.85546875
1.27734375
-0.76562500
-2.51171875
-0.00390625
-2.21484375
-0.86718750
0.62109375
0.00781250
-1.33203125
-0.24218750
-1.49609375
-0.78125000
-0.78125000
-1.60156250
-1.57031250
-1.07812500
-1.27343750
0.38281250
0.26171875
-0.75000000
-1.48046875
-0.31640625
-0.58593750
-0.98828125
-0.10546875
-0.60156250
0.17187500
-0.95703125
-1.24218750
-1.52734375
-0.12109375
-2.01953125
-2.76562500
-0.09375000
0.45703125
-1.24218750
-0.01562500
-0.69140625
-1.63281250
-1.09375000
-0.89843750
-0.34765625
-1.03515625
-0.70312500
-1.57031250
-1.33203125
-1.21093750
-0.18359375
-1.97656250
-1.19921875
0.32421875
-0.86718750
-0.25781250
-0.67578125
-0.44921875
-1.70703125
-2.40625000
-0.04687500
-0.69140625
-1.83984375
-0.61328125
-0.44921875
-1.51171875
-0.75000000
-0.34765625
-1.61718750
-1.49609375
-0.51171875
-0.78125000
-1.30078125
-0.83984375
-0.04687500
1.02343750
0.48828125
0.81640625
-1.49609375
-2.43750000
-0.60156250
-1.19921875
-1.10937500
-1.01953125
-0.37500000
0.39843750
0.32421875
-0.01562500
-0.25781250
-0.79296875
-1.10937500
-0.26953125
0.60546875
-0.33203125
-0.28515625
-1.76562500
0.84375000
0.21875000
0.05468750
-0.88281250
-0.69140625
-1.87109375
0.29296875
-0.44921875
-1.55468750
0.53125000
-1.16796875
0.54687500
-0.40625000
0.07031250
-0.76562500
0.84375000
-0.43750000
-0.95703125
0.27734375
0.90625000
-0.00390625
-0.62890625
1.36718750
-0.33203125
-0.06250000
0.72656250
-0.21093750
0.14453125
-0.35937500
3.01562500
2.68750000
2.29687500
3.04687500
3.21093750
3.40625000
3.22656250
2.82421875
3.01562500
2.98828125
3.25781250
3.12109375
3.18359375
2.97265625
2.23828125
2.71875000
3.49609375
2.92578125
2.89843750
3.42187500
3.72265625
3.88671875
3.58593750
3.30078125
3.07812500
3.49609375
3.58593750
3.58593750
3.33203125
2.80859375
2.68750000
3.22656250
0.06640625
-0.14062500
-0.05078125
-0.12500000
-0.24218750
0.05078125
0.03515625
-0.12500000
-0.41015625
-0.10937500
-0.05078125
-0.15234375
0.06640625
-0.09375000
-0.18359375
0.18750000
-1.09765625
-1.89062500
-1.94921875
-1.20312500
-1.23046875
-0.82812500
-0.39453125
-1.45703125
-1.66796875
-1.57812500
-0.90234375
0.18750000
-1.08203125
-1.27734375
-3.04296875
-1.98046875
-1.35156250
-1.85937500
-0.61718750
-1.76953125
-0.70703125
-1.96484375
-0.94921875
-1.63671875
-1.94921875
-1.47265625
-2.39843750
0.39453125
-0.61718750
-1.03906250
-2.25000000
0.02343750
-1.48828125
-2.32421875
-0.45312500
-1.29296875
-1.56250000
1.32421875
-0.30468750
-1.84765625
-1.53125000
-0.60156250
-1.66796875
-0.30468750
-1.48828125
-0.72265625
-1.53125000
-0.66406250
-0.84375000
-0.96093750
-1.03906250
-0.96093750
-1.36718750
-1.41015625
-0.58984375
-1.44140625
-2.02734375
-2.48828125
-2.60937500
-0.82812500
0.03515625
-0.07812500
-0.09375000
-0.91796875
-1.57812500
-2.12890625
-1.15625000
-0.78125000
-1.63671875
-0.72265625
-1.50000000
-2.12890625
-2.68359375
-1.72656250
0.65234375
-1.75781250
-0.52734375
-1.66796875
-1.06640625
-0.94921875
-1.03906250
-0.93359375
-0.32031250
-2.42968750
0.05078125
-1.32031250
-2.12890625
-0.63281250
-1.41015625
-2.62500000
-2.32421875
0.00781250
-2.82031250
-0.69140625
-0.90234375
-1.92187500
-0.55859375
-0.46875000
-0.82812500
-1.21875000
-1.20312500
-0.63281250
-2.12890625
0.36718750
0.06640625
-2.30859375
0.12500000
-0.63281250
-0.39453125
-0.64843750
-1.51562500
-1.26171875
-1.12890625
-0.84375000
-0.63281250
-1.20312500
-1.18750000
-0.36328125
0.00781250
-2.02734375
-0.93359375
-0.18359375
-0.58984375
-0.94921875
-1.17187500
-2.25000000
-1.47265625
-2.35546875
-1.38281250
-0.85937500
-0.33203125
-0.55859375
0.35156250
-0.99218750
-2.84765625
-2.05468750
-0.45312500
-1.53125000
-0.57421875
-1.02343750
0.05078125
-1.84765625
-1.11328125
-1.63671875
0.69531250
-0.66406250
-1.54687500
-0.21484375
-0.52734375
-1.15625000
-1.14062500
-0.64843750
-0.32031250
-1.57812500
-0.46875000
-4.09375000
-0.34765625
-1.09765625
-2.80468750
-1.35156250
-1.05078125
-2.75781250
-1.44140625
-0.94921875
-0.06250000
-0.91796875
-0.27343750
-2.02734375
-1.89062500
-1.38281250
-0.87109375
-0.03515625
-0.07812500
0.24609375
-0.87109375
-0.96093750
-0.96093750
-1.54687500
-0.97656250
-1.00781250
-1.00781250
-1.15625000
-0.78125000
-0.46875000
-2.03906250
-1.23046875
-0.21484375
-0.93359375
-1.17187500
-0.25781250
-1.26171875
-0.61718750
-0.76953125
-1.32031250
-1.23046875
-1.29296875
-1.41015625
-0.28906250
-0.97656250
-1.06640625
-0.21484375
-1.30859375
-0.43750000
-0.76953125
-0.90234375
0.02343750
-0.00390625
-1.58984375
1.58593750
1.52343750
1.39453125
1.23828125
1.72656250
1.09765625
0.46484375
0.07031250
-0.00390625
0.28906250
1.11328125
1.37890625
1.42578125
1.12890625
0.38671875
-0.41796875
2.83203125
2.58203125
2.46875000
2.64453125
2.76953125
2.43750000
1.94921875
1.57031250
1.60156250
1.78906250
2.58203125
2.86328125
2.46875000
2.50000000
2.07421875
1.53906250
13.25781250
13.43359375
13.27343750
12.81640625
13.85937500
13.30468750
13.89062500
12.94140625
13.05078125
13.08593750
12.97265625
12.95703125
12.30859375
13.08593750
12.34375000
12.62500000
3.19531250
2.07421875
1.55468750
3.17968750
3.07031250
4.44531250
4.46093750
0.95312500
4.25390625
0.87500000
2.01171875
2.39062500
3.38671875
4.11328125
0.38671875
2.08984375
0.96875000
1.49218750
5.56640625
1.34765625
5.31250000
1.77343750
0.78125000
4.82421875
-2.13671875
-1.23828125
0.35546875
4.11328125
-0.14843750
3.68750000
1.66406250
0.28906250
-0.98437500
-0.19531250
5.51953125
-1.45703125
-1.34765625
0.22656250
-0.21093750
-12.86328125
4.20703125
-1.75781250
0.00781250
3.95312500
1.94921875
4.41406250
3.70312500
3.89062500
1.01562500
4.94921875
2.92968750
1.25390625
1.20703125
-1.22265625
-1.07812500
-2.23437500
5.17187500
-0.00390625
3.17968750
3.03906250
0.84375000
3.60546875
2.02734375
2.32812500
3.64062500
1.20703125
3.29296875
1.87109375
2.61328125
0.10156250
-0.51171875
-6.40234375
1.03125000
4.17578125
-0.71484375
0.87500000
2.59765625
1.94921875
5.25000000
2.01171875
4.99609375
6.02343750
1.88671875
2.69140625
3.26171875
0.52734375
-3.54296875
10.89062500
-4.31640625
3.43359375
5.07812500
3.14843750
3.51171875
4.77734375
5.85156250
1.42578125
4.12890625
4.49218750
3.85937500
2.62890625
4.88671875
3.55859375
1.52343750
0.90625000
-4.46093750
2.80078125
4.71484375
3.81250000
8.32812500
4.30078125
3.57421875
1.06250000
5.70703125
6.19921875
4.20703125
4.67968750
1.61718750
1.16015625
1.04687500
1.11328125
-4.36328125
4.47656250
3.65625000
10.77734375
4.01953125
5.04296875
6.79687500
0.48046875
6.16796875
3.22656250
3.16406250
3.65625000
2.97656250
-0.07031250
6.19921875
2.86328125
2.51562500
5.40625000
5.51953125
6.95703125
1.31640625
5.37500000
4.38281250
1.14453125
2.28125000
3.00781250
3.51171875
1.57031250
0.85937500
4.93359375
4.33203125
3.30859375
3.76562500
3.10156250
2.64453125
2.42187500
1.67968750
1.78906250
5.26562500
2.13671875
1.19140625
-0.62109375
-0.36718750
4.17578125
5.58203125
5.25000000
2.62890625
4.28515625
-0.75000000
2.70703125
1.52343750
5.58203125
2.25000000
3.51171875
0.58984375
2.89843750
0.98437500
3.21093750
1.80859375
4.87109375
4.22265625
3.92187500
3.21093750
3.79687500
1.63281250
3.19531250
1.58593750
4.05078125
2.01171875
0.19531250
0.52734375
3.35546875
0.82812500
3.67187500
5.17187500
4.06640625
2.67578125
5.14062500
2.61328125
2.55078125
1.71093750
1.57031250
2.86328125
0.57421875
0.33593750
4.69531250
3.24218750
1.69531250
-0.45312500
-1.26562500
-1.01562500
-0.82812500
-0.40625000
-0.25390625
-0.14453125
0.13281250
0.72265625
0.76953125
0.02343750
-0.70312500
-1.17187500
-0.84375000
-0.53125000
0.64453125
-0.19140625
-0.81250000
-0.60937500
-0.56250000
-0.26953125
0.08593750
0.35156250
0.41406250
0.67578125
1.03515625
0.19531250
-0.67187500
-1.07812500
-0.70312500
-0.57812500
0.59765625
-2.46093750
-2.82031250
-2.72656250
-2.64843750
-2.69531250
-2.46093750
-2.57031250
-2.75781250
-2.10546875
-1.77734375
-1.54296875
-1.69921875
-2.46093750
-2.78906250
-2.32031250
-2.35156250
-3.98437500
-1.51171875
-3.31640625
-4.57812500
-3.26953125
-2.16406250
-2.41406250
-1.82421875
-2.14843750
-2.85156250
-2.69531250
-2.69531250
-2.96093750
-1.20312500
-3.37890625
-0.75000000
-2.30468750
-2.05859375
-2.21093750
-2.92968750
-2.04296875
-0.95312500
-2.30468750
-3.70703125
-1.10937500
-1.43359375
-3.47265625
-4.76562500
-3.28515625
-2.57031250
-3.44140625
-3.98437500
-4.15625000
-2.01171875
-3.66015625
-2.38281250
-1.15625000
-2.05859375
-1.06250000
-1.04687500
-1.96484375
-1.04687500
-3.11328125
-4.00000000
-3.48828125
-2.74218750
-2.35156250
-3.00781250
-2.85156250
-4.18750000
-3.72265625
-3.53515625
-3.83203125
-2.92968750
-4.88671875
-6.13281250
6.57421875
-3.75390625
-3.37890625
-3.14453125
-3.05078125
-3.51953125
-3.06640625
-2.69531250
-3.98437500
-5.01171875
-2.13671875
-3.47265625
-5.23046875
-2.19531250
-4.68750000
-4.73437500
3.53906250
-1.38671875
-1.74609375
-4.28125000
-2.72656250
-2.99218750
-3.06640625
-3.76953125
-3.26953125
-2.97656250
-4.26562500
-4.67187500
-4.39062500
-2.39843750
-4.10937500
-3.34765625
-2.78906250
-3.33203125
-5.69531250
-3.45703125
-4.21875000
-6.28906250
-1.91796875
-1.90234375
-3.06640625
-3.34765625
-3.87890625
-3.51953125
-4.23437500
-2.14843750
-4.01562500
-3.14453125
1.00390625
-3.14453125
-4.01562500
-2.58593750
-2.57031250
-1.43359375
-4.48437500
-1.85546875
-5.32421875
-5.18359375
-1.80859375
-4.34375000
-3.06640625
-3.90625000
-1.40234375
-1.98046875
3.88281250
-1.98046875
-1.60546875
-3.70703125
-2.89843750
-4.26562500
-3.73828125
-2.88281250
-1.93359375
-2.60156250
-3.81640625
-1.58984375
-2.04296875
-2.49218750
-3.90625000
-2.94531250
-2.64843750
-2.22656250
-2.92968750
-3.16015625
-2.80468750
-4.14062500
-3.26953125
-3.03515625
-4.65625000
-2.39843750
-3.45703125
-3.06640625
-3.28515625
-2.91406250
-4.20312500
-3.48828125
-2.60156250
-1.41796875
-2.41406250
-2.78906250
-2.85156250
-4.01562500
-4.51562500
-2.36718750
-3.19140625
-2.71093750
-1.46484375
-2.38281250
-2.16406250
-3.14453125
-2.10546875
-2.50781250
-1.40234375
-3.12890625
-3.09765625
-3.58203125
-4.51562500
-4.14062500
-1.96484375
-2.10546875
-3.78515625
-4.14062500
-1.15625000
-2.44531250
-4.57812500
-3.92187500
-2.04296875
-1.76171875
-2.52343750
-3.28515625
-3.75390625
-3.36328125
-4.98046875
-3.86328125
-4.60937500
-3.14453125
-2.86718750
-3.36328125
-3.69140625
-2.25781250
-2.96093750
-2.92968750
-3.09765625
-2.13671875
-1.85546875
-1.74609375
-1.14062500
-4.70312500
-3.83203125
-4.67187500
-2.97656250
-2.57031250
