0.00000000
0.00000000
0.00000000
0.00000000
0.00000000
0.00000000
0.00000000
0.00000000
0.00000000
0.00000000
0.00000000
0.00000000
0.00000000
0.00000000
0.00000000
0.00000000
0.00000000
0.00000000
0.00000000
0.00000000
0.00000000
0.00000000
0.00000000
0.00000000
0.00000000
0.00000000
0.00000000
0.00000000
0.00000000
0.00000000
0.00000000
0.00000000
0.00000000
0.00000000
0.00000000
0.00390625
0.00390625
0.00390625
0.00390625
0.00390625
0.00390625
0.00390625
0.00390625
0.00000000
0.00000000
0.00000000
0.00000000
0.00000000
0.00000000
0.00000000
0.00000000
0.00000000
0.00000000
0.00000000
0.00390625
0.00390625
0.00390625
0.00000000
0.00000000
0.00000000
0.00000000
0.00000000
0.00000000
0.00000000
0.00000000
0.00000000
0.00000000
0.00390625
0.00781250
0.00781250
0.01171875
0.02343750
0.01953125
0.00781250
0.00390625
0.00390625
0.00390625
0.00390625
0.00000000
0.00000000
0.00000000
0.00000000
0.00390625
0.00390625
0.01171875
0.01953125
0.01953125
0.01562500
0.07031250
0.01562500
0.01171875
0.00781250
0.00390625
0.00390625
0.00000000
0.00000000
0.00000000
0.00000000
0.00390625
0.00781250
0.01171875
0.02343750
0.02734375
0.05859375
0.23828125
0.04687500
0.02343750
0.01562500
0.00781250
0.00390625
0.00000000
0.00000000
0.00000000
0.00000000
0.00390625
0.00781250
0.01171875
0.02343750
0.04687500
0.17968750
0.47265625
0.09765625
0.04687500
0.01953125
0.01171875
0.00781250
0.00000000
0.00000000
0.00000000
0.00000000
0.00390625
0.00390625
0.00781250
0.01953125
0.03515625
0.18750000
0.51562500
0.08593750
0.04296875
0.01562500
0.01171875
0.00781250
0.00000000
0.00000000
0.00000000
0.00000000
0.00390625
0.00390625
0.00781250
0.01562500
0.03125000
0.11718750
0.41406250
0.07812500
0.02343750
0.01562500
0.00781250
0.00390625
0.00000000
0.00000000
0.00000000
0.00000000
0.00390625
0.00390625
0.00781250
0.01562500
0.01953125
0.05468750
0.25000000
0.07421875
0.01953125
0.01171875
0.01171875
0.00390625
0.00000000
0.00000000
0.00000000
0.00000000
0.00390625
0.00390625
0.00781250
0.01562500
0.01171875
0.01953125
0.07031250
0.02343750
0.00781250
0.00781250
0.01171875
0.00390625
0.00000000
0.00000000
0.00000000
0.00000000
0.00000000
0.00390625
0.00390625
0.00390625
0.00781250
0.00781250
0.01562500
0.00781250
0.00390625
0.00390625
0.00390625
0.00000000
0.00000000
0.00000000
0.00000000
0.00000000
0.00000000
0.00000000
0.00000000
0.00390625
0.00390625
0.00390625
0.00390625
0.00390625
0.00000000
0.00390625
0.00000000
0.00000000
0.00000000
0.00000000
0.00000000
0.00000000
0.00000000
0.00000000
0.00000000
0.00000000
0.00000000
0.00000000
0.00000000
0.00000000
0.00000000
0.00000000
0.00000000
0.00000000
0.00000000
0.00000000
0.00000000
0.00000000
0.00000000
0.00000000
0.00000000
0.00000000
0.00000000
0.00000000
0.00000000
0.00000000
0.00000000
0.00000000
0.00000000
0.00000000
0.00000000
0.00000000
