0000000100011010
0000000101101011
0000000110000010
0000000101101100
0000000101001001
0000000101010110
0000000100110000
0000000011011111
0000000100000011
0000000101010100
0000000101100011
0000000101010001
0000000101101011
0000000101110001
0000000101100000
0000000110010100
0000000101001000
0000000101100101
0000000101101101
0000000011111011
0000000101110001
0000000100001111
0000000101100101
0000000101110101
0000000101001000
0000000110000100
0000000101011110
0000000011100011
0000000101001000
0000000101110000
0000000110011011
0000000101110100
