1111111101100000
1111111110010100
0000000000101111
0000000000010110
0000000010000100
0000000000010110
1111111110100011
0000000000001100
0000000001001010
1111111111110111
1111111110101010
1111111111100010
1111111111101100
1111111110000111
0000000001001110
1111111111101110
0000000001000111
0000000000001111
1111111110110011
1111111110010100
1111111111110101
1111111110000001
0000000001001111
0000000000011101
0000000000100010
1111111110011100
1111111111010001
1111111111111100
1111111111111000
1111111111011101
0000000000000001
1111111111100000
