0000000000000010
1111111111100000
0000000000111111
0000000000000101
1111111110011011
1111111111110111
1111111111110111
0000000000000010
0000000000000001
1111111110110110
1111111111000001
0000000000010001
0000000011110100
0000000000001000
0000001000100110
1111111111000011
0000000000111000
0000000000000100
1111111110111010
0000000000000111
0000000000001100
1111111111110001
0000000010100101
0000000000000000
0000000000000010
0000000000000000
1111111111110101
1111111111110001
1111111111101101
1111111111010011
1111111100000001
1111111111111010
1111111111110101
1111111111001111
1111111111101011
1111111111111101
1111111110010000
0000000010001000
1111111111000011
1111111111111010
0000000001111101
0000000011010010
0000000011100101
1111111111001001
1111111101110010
0000000001000110
0000000000000010
1111111011101000
0000000010100011
0000000000110001
0000000001000001
0000000000010011
1111111110100101
1111111111110110
0000000001100110
0000000001110101
0000000001101101
0000000000101010
1111111101000111
0000000010011001
1111111110100010
0000000001111000
0000000010101101
0000000010001010
0000000000011000
0000000000000011
0000000000000010
0000000000000011
1111111111110101
0000000000000000
0000000000001011
1111111111111110
1111111111111101
1111111111110111
1111111111111100
1111111111110010
1111111111111000
1111111111111010
0000000000001101
1111111111111011
1111111111110000
1111111111111101
0000000000000011
0000000000001011
0000000000000000
1111111111111011
0000000000001001
1111111111111111
1111111111111000
1111111111111011
1111111111111010
1111111111111101
1111111111111101
1111111111111101
0000000000000010
1111111111110001
