0.66015625
1.10546875
0.66015625
0.37500000
-0.23828125
-0.20703125
0.44140625
0.16015625
-0.09375000
0.13281250
0.07031250
-0.23046875
-3.35546875
-3.18750000
0.07031250
0.28515625
0.26171875
-0.78125000
-0.07812500
-0.18750000
0.26171875
1.16796875
0.06640625
0.38671875
-0.06640625
-1.75390625
0.25390625
-0.14062500
-2.24218750
-0.05859375
0.28515625
0.16406250
0.20703125
-0.71093750
0.05078125
0.35937500
1.26171875
0.58203125
0.26562500
-0.43359375
-1.16015625
0.12890625
0.89062500
0.52343750
0.14843750
0.68359375
-0.85937500
-0.71484375
-0.79296875
0.60546875
-1.41796875
0.67578125
-0.41406250
-1.07421875
0.16406250
-0.11328125
-0.15234375
0.15234375
0.04687500
0.03515625
0.05078125
-0.06640625
-0.83984375
0.62500000
-0.00781250
0.00000000
0.05859375
0.05859375
-0.02343750
-0.03906250
-0.04687500
-0.03515625
-0.01562500
0.15625000
0.03125000
-0.07421875
-0.01562500
0.00000000
-0.02343750
0.00000000
0.05078125
0.00000000
-0.01953125
0.00000000
0.00390625
0.00390625
0.09765625
0.01171875
-0.00781250
-0.00390625
-0.10546875
0.02734375
0.01953125
0.00000000
0.04296875
-0.03906250
