-0.38671875
-0.40625000
-1.47656250
-1.41406250
-0.23437500
-1.11718750
-1.34375000
-1.13671875
-0.23437500
-1.21484375
-1.00000000
-1.05468750
-0.70312500
-2.08593750
-0.21484375
-1.42187500
-1.44140625
-0.87500000
-0.94921875
-1.66796875
-2.11328125
-0.30078125
-0.15625000
-0.34765625
-0.39453125
-1.62890625
-1.31250000
-1.79687500
-1.17187500
-1.61718750
-1.28125000
-1.36718750
-0.87109375
-0.83984375
-1.20703125
-0.36718750
-1.82812500
-0.92578125
-0.82812500
-0.65625000
-1.24609375
-1.70312500
-1.43359375
-0.17968750
-1.37890625
-1.64062500
-2.01953125
-0.51953125
-1.45703125
-1.04687500
-0.71875000
-1.11718750
-1.79296875
-0.25390625
-1.10156250
-0.61328125
-0.35937500
-1.28125000
-0.60546875
-1.76562500
-1.35156250
-0.15625000
-0.93750000
-1.31250000
-1.25781250
-2.39843750
-0.40234375
-1.53125000
-0.92968750
-1.11718750
-0.26953125
-0.27343750
-0.27734375
-0.39843750
-1.28906250
-0.53515625
-1.23437500
-1.55859375
-1.35546875
-1.44140625
-0.26562500
-0.50000000
-0.51562500
-0.24218750
-0.96875000
-1.32031250
-0.53906250
-1.25781250
-0.25781250
-1.07421875
-0.33984375
-1.45312500
-0.20312500
-0.39843750
-1.45312500
-1.69140625
-0.36328125
-0.99609375
-1.07031250
-1.21093750
-0.86718750
-1.26562500
-2.08984375
-1.47656250
-0.73437500
-1.62500000
-1.12500000
-0.40234375
-1.12890625
-0.42578125
-0.75390625
-1.16406250
-0.26953125
-0.29687500
-1.72265625
-1.90234375
-0.37890625
-1.53515625
-1.81250000
-0.83203125
-0.42578125
-1.10156250
-2.29296875
-1.35937500
-0.37890625
-0.51953125
-1.43750000
-0.93750000
