0000000001010101
0000000000011010
0000000001000101
1111111111110001
1111111111111110
1111111111100100
0000000000001000
1111111100111010
1111111111111101
0000000000101110
1111111111010110
1111111111111110
0000000000000110
1111111111101011
1111111111001010
0000000000010011
0000000000000000
1111111011001001
0000000001111111
0000000000111000
1111111111101110
0000000001010111
0000000000001000
0000000000101011
1111111111111101
1111111111101111
1111111110101011
1111111111100010
1111111111111101
1111111111111001
1111111111110010
1111111101000100
