-0.51953125
-0.92578125
-0.49218750
-1.12109375
-0.47656250
-0.98437500
-0.62890625
-0.25000000
0.02343750
-1.73437500
-1.45312500
-0.53906250
-0.61328125
-0.99609375
-0.28125000
-1.07031250
-0.57031250
-0.59375000
-2.16796875
-1.41015625
-0.95312500
-1.79687500
-1.25390625
-0.82812500
-1.07812500
-1.16406250
-1.67578125
-0.89453125
-0.65234375
-0.35937500
-0.50000000
-1.26171875
-0.25000000
-0.41406250
-0.65234375
-0.65234375
-0.64062500
-0.59765625
-1.07031250
-1.58984375
-0.87500000
-0.49609375
-1.32812500
-0.48437500
-1.59375000
-0.77734375
-1.15234375
-0.42968750
-0.29296875
-0.40234375
-0.39062500
-0.38671875
-0.25000000
-0.25781250
-1.57812500
-1.08593750
-1.20703125
-1.48828125
-0.75390625
-0.61328125
-0.60546875
-2.21093750
-0.17578125
-0.49609375
-1.85156250
-0.08984375
-0.68359375
-0.96093750
-0.22265625
-1.29687500
-0.12500000
-1.69140625
-1.08593750
-0.14062500
-0.72656250
-1.05078125
-0.86328125
-1.90625000
-0.73046875
-1.42968750
-0.59765625
-1.98828125
-1.04296875
-0.81250000
-0.36718750
-1.45703125
-1.37109375
-1.23828125
-1.47656250
-0.95703125
-0.68359375
-1.87500000
-0.45312500
-1.14062500
-0.06250000
-1.85937500
-0.96875000
-2.25390625
-0.92187500
-2.33984375
-0.34765625
-1.39843750
-0.53906250
-0.80078125
0.01171875
-1.07421875
-1.19921875
-1.44140625
-0.37890625
-0.19140625
-0.70703125
-1.99609375
-0.81640625
-0.21875000
-0.19531250
-0.12500000
-1.14453125
-0.99218750
-0.97656250
-0.19531250
-0.24218750
-2.17968750
-1.03906250
-1.01171875
-1.58984375
-1.76171875
-0.70703125
-0.80859375
