0000000000010001
1111111111100001
1111111111010111
1111111111010011
1111111111000011
1111111110100110
1111111111011010
1111111111100100
0000000001010100
0000000000111111
1111111111010101
0000000000100100
0000000000010110
1111111111100001
1111111111111001
0000000001001110
0000000000100000
1111111111011001
0000000000010011
1111111110111111
1111111111111111
0000000000010100
1111111111111010
1111111111110011
1111111111101100
0000000000011100
0000000000100110
1111111111100111
0000000000001000
1111111110101000
1111111111000000
0000000000110010
