0000000000110011
0000000000011001
1111111110101010
0000000000000101
0000000001100011
0000000001000111
0000000001000111
1111111101011000
1111111110101010
1111111111100100
1111111111111100
0000000000100011
0000000000001100
1111111111111001
1111111111111101
0000000000000010
0000000000110001
0000000000000000
0000000010101001
0000000000010001
1111111111010101
0000000000010101
1111111111011110
0000000000011011
1111111110010010
0000000000000010
1111111111100011
1111111101110101
1111111111101010
0000000000010010
1111111111110010
1111111111101001
