0000000100101001
0000000100111011
0000000100110110
0000000101000101
0000000100101111
0000000100101110
0000000100100111
0000000100101001
0000000100111011
0000000100110110
0000000100111011
0000000100100101
0000000101001011
0000000101001000
0000000101001000
0000000101110101
0000000101000001
0000000101000101
0000000100110100
0000000100011101
0000000101000011
0000000100100010
0000000100111011
0000000100111000
0000000100011111
0000000100101110
0000000100111000
0000000100100011
0000000100111110
0000000100111100
0000000100111011
0000000101000100
