1111111111111100
1111111110101000
0000000000001101
1111111101110110
0000000000000000
1111111101101110
0000000010101110
1111111111111001
0000000000100000
0000000000011010
1111111101001111
1111111100011011
0000000000011110
1111111100011111
1111111111100101
0000000011010001
0000000000101110
1111111111011111
1111111101000100
0000000000110010
1111111111011001
1111111111111010
1111111111100010
1111111111111000
0000000000001000
0000000000001001
1111111111100111
0000000001011111
1111111110111111
1111111110001110
1111111111001000
1111111111000000
1111111101010101
0000000011010100
1111111110100000
1111111011010100
1111111111001100
1111111111010110
1111111111010010
1111111101100001
1111111110011110
1111111111110101
1111111100110111
1111111110011010
0000000001001010
0000000000000010
1111111101110010
1111111111111001
1111111111011010
1111111101111111
0000000000000110
1111111111111110
1111111111001000
1111111100101111
0000000001101011
0000000001110011
1111111010011101
1111111111111001
1111111111101101
1111111110110001
1111111111000111
0000000000101010
1111111101110011
0000000000010100
1111111111111010
0000000000000101
0000000000000011
1111111111111111
1111111111111011
1111111111110001
0000000000001110
1111111111111101
0000000000000110
0000000000001011
0000000000000101
1111111111111010
1111111111110011
0000000000000110
0000000000000101
1111111111110010
1111111111111111
0000000000000001
1111111111111101
0000000000000010
0000000000010100
1111111111101000
1111111111111111
1111111111111010
1111111111111100
0000000000001110
0000000000000101
1111111111101000
1111111111101110
1111111111111011
1111111111110001
1111111111111101
