1111111101001010
1111111111010110
1111111111111000
1111111111100001
0000000011010100
0000000000011110
1111111100110110
1111111110111101
1111111111011010
0000000001010000
1111111101000001
0000000000110000
1111111111010011
1111111111000010
1111111111101010
1111111111011001
0000000000100110
0000000000100110
1111111101101100
1111111101110100
1111111101111111
1111111101010101
0000000001001111
1111111110010110
0000000001000010
1111111110100100
0000000000001111
1111111110101101
1111111111111100
0000000001010001
1111111101110100
1111111111001100
