1111111110000111
1111111111001111
1111111111011010
1111111111001011
1111111111100011
0000000001100011
0000000000100001
0000000001110011
1111111111111011
1111111111101000
0000000000000000
0000000000010110
0000000000001111
1111111111111111
0000000001001100
1111111111101000
0000000001000000
1111111111010001
1111111110000010
0000000001100111
0000000001011010
0000000000101111
0000000001010000
1111111110111111
0000000001101010
0000000000110110
0000000000011110
0000000000100100
1111111111010000
1111111111000101
0000000010010010
1111111111010101
