1111111110111111
0000000001111111
1111111111001101
1111111111001010
0000000010010011
0000000001010001
1111111111000101
1111111101000100
1111111111000010
0000000000111000
0000000001110110
1111111110001010
1111111111100001
1111111110111111
1111111111101010
1111111111101010
0000000001100111
1111111101111011
0000000011001110
0000000011100001
0000000000000010
0000000000000000
1111111111011000
1111111111110110
0000000001000100
1111111110001011
1111111101110011
0000000000110011
0000000001100101
1111111110111001
1111111110000101
1111111110000000
