0000000000011000
0000000000010100
1111111111001101
1111111111010101
1111111111110001
0000000000001111
0000000000100111
1111111111101010
0000000000010000
0000000000111111
1111111111011110
0000000000100000
0000000000000010
1111111111011001
1111111111111011
1111111111100001
1111111111100000
1111111111111111
1111111111101111
1111111111010101
1111111111101010
1111111111110100
1111111111110110
0000000000000011
1111111110101001
0000000000001100
1111111111011101
1111111111011010
0000000000110101
0000000000000000
0000000000010100
1111111111101011
