1111111101101101
1111111111011010
0000000000100001
1111111111100011
0000000010001110
1111111111101001
1111111110000110
1111111111101111
0000000001110110
0000000000011011
1111111111000010
0000000000100000
1111111111001011
1111111111100100
0000000001000100
1111111111001011
0000000000111010
0000000000010100
1111111111100010
1111111110100011
1111111111010110
1111111110010100
1111111111011101
1111111110111110
0000000000101001
0000000000000011
1111111111110111
0000000000011111
1111111111100010
0000000000001011
1111111111010001
0000000000001101
