1111111110011101
1111111110011000
1111111010000110
1111111010010110
1111111111000100
1111111011100010
1111111010101000
1111111011011101
1111111111000100
1111111011001001
1111111100000000
1111111011110010
1111111101001100
1111110111101010
1111111111001001
1111111010010100
1111111010001111
1111111100100000
1111111100001101
1111111001010101
1111110111100011
1111111110110011
1111111111011000
1111111110100111
1111111110011011
1111111001011111
1111111010110000
1111111000110100
1111111011010100
1111111001100010
1111111010111000
1111111010100010
1111111100100001
1111111100101001
1111111011001011
1111111110100010
1111111000101100
1111111100010011
1111111100101100
1111111101011000
1111111011000001
1111111001001100
1111111010010001
1111111111010010
1111111010011111
1111111001011100
1111110111111011
1111111101111011
1111111010001011
1111111011110100
1111111101001000
1111111011100010
1111111000110101
1111111110111111
1111111011100110
1111111101100011
1111111110100100
1111111010111000
1111111101100101
1111111000111100
1111111010100110
1111111111011000
1111111100010000
1111111010110000
1111111010111110
1111110110011010
1111111110011001
1111111001111000
1111111100010010
1111111011100010
1111111110111011
1111111110111010
1111111110111001
1111111110011010
1111111010110110
1111111101110111
1111111011000100
1111111001110001
1111111010100101
1111111010001111
1111111110111100
1111111110000000
1111111101111100
1111111111000010
1111111100001000
1111111010101110
1111111101110110
1111111010111110
1111111110111110
1111111011101101
1111111110101001
1111111010001100
1111111111001100
1111111110011010
1111111010001100
1111111001001111
1111111110100011
1111111100000001
1111111011101110
1111111011001010
1111111100100010
1111111010111100
1111110111101001
1111111010000110
1111111101000100
1111111001100000
1111111011100000
1111111110011001
1111111011011111
1111111110010011
1111111100111111
1111111011010110
1111111110111011
1111111110110100
1111111001000111
1111111000011001
1111111110011111
1111111001110111
1111111000110000
1111111100101011
1111111110010011
1111111011100110
1111110110110101
1111111010100100
1111111110011111
1111111101111011
1111111010010000
1111111100010000
