-0.79687500
-0.88281250
-0.85546875
-0.77734375
-1.05468750
-0.80468750
-0.98046875
-0.33984375
-0.44921875
-1.09375000
-0.28515625
-0.82031250
-1.06640625
-0.63281250
-1.57421875
-1.42578125
-0.76953125
-0.58593750
-1.48046875
-0.98046875
-1.43750000
-0.66796875
-0.86718750
-1.56640625
-1.80468750
-0.17187500
-1.21093750
-0.76562500
-1.47265625
-0.77343750
-0.46875000
-0.28515625
-1.57031250
-0.61718750
-0.82031250
-0.37109375
-1.39062500
-1.90625000
-0.77343750
-0.52734375
-1.02734375
-0.26171875
-0.73046875
-0.25781250
-1.93750000
-1.89062500
-0.42968750
-1.19531250
-0.33203125
-0.81640625
-0.73437500
-0.92578125
-1.21875000
-0.44531250
-0.39453125
-0.57031250
-1.07812500
-0.53906250
-0.82421875
-1.33593750
-0.75781250
-1.01562500
-1.10937500
-1.21484375
-0.49609375
-0.42968750
-0.21093750
-1.01562500
-1.46875000
-1.31250000
-0.30859375
-0.58203125
-1.63281250
-2.28125000
-0.67578125
-0.50390625
-1.05468750
-0.31640625
-1.27343750
-1.03906250
-0.37109375
-0.49609375
-1.10937500
-0.88671875
-0.99218750
-1.61328125
-0.46875000
-1.01953125
-0.95703125
-1.25781250
-0.98828125
-0.90234375
-0.33593750
-1.20703125
-0.39062500
-0.40625000
-0.64062500
-1.15234375
-0.69140625
0.00000000
-0.26953125
-1.40234375
-1.29296875
-0.41406250
-1.58203125
-1.89453125
-0.35937500
-1.35156250
-1.15234375
-1.16796875
-0.78125000
-0.93750000
-0.32421875
-1.45703125
-0.10937500
-0.85546875
-0.55859375
-0.59765625
-0.42187500
-0.57421875
-0.12500000
-0.81250000
-0.24609375
-0.52734375
-1.05078125
-0.84375000
-0.87890625
-0.93750000
