0000000011110110
0000000100000001
0000000100000100
0000000100010111
0000000011101011
0000000011100100
0000000011110100
0000000011110100
0000000011001100
0000000100011011
0000000011100011
0000000100000111
0000000100001011
0000000100010100
0000000100110010
0000000100110110
0000000011111011
0000000011101010
0000000100011001
0000000011111100
0000000100001010
0000000011110100
0000000100010111
0000000011111110
0000000011111001
0000000011111011
0000000100100000
0000000011111000
0000000100000010
0000000100101011
0000000100000101
0000000011111010
