0.00781250
-0.12500000
0.24609375
0.01953125
-0.39453125
-0.03515625
-0.03515625
0.00781250
0.00390625
-0.28906250
-0.24609375
0.06640625
0.95312500
0.03125000
2.14843750
-0.23828125
0.21875000
0.01562500
-0.27343750
0.02734375
0.04687500
-0.05859375
0.64453125
0.00000000
0.00781250
0.00000000
-0.04296875
-0.05859375
-0.07421875
-0.17578125
-0.99609375
-0.02343750
-0.04296875
-0.19140625
-0.08203125
-0.01171875
-0.43750000
0.53125000
-0.23828125
-0.02343750
0.48828125
0.82031250
0.89453125
-0.21484375
-0.55468750
0.27343750
0.00781250
-1.09375000
0.63671875
0.19140625
0.25390625
0.07421875
-0.35546875
-0.03906250
0.39843750
0.45703125
0.42578125
0.16406250
-0.72265625
0.59765625
-0.36718750
0.46875000
0.67578125
0.53906250
0.09375000
0.01171875
0.00781250
0.01171875
-0.04296875
0.00000000
0.04296875
-0.00781250
-0.01171875
-0.03515625
-0.01562500
-0.05468750
-0.03125000
-0.02343750
0.05078125
-0.01953125
-0.06250000
-0.01171875
0.01171875
0.04296875
0.00000000
-0.01953125
0.03515625
-0.00390625
-0.03125000
-0.01953125
-0.02343750
-0.01171875
-0.01171875
-0.01171875
0.00781250
-0.05859375
