1111111001111010
1111111011101110
1111111010010101
1111111110100111
1111111100111000
1111111010010000
1111111100110000
1111111011000011
1111111011001010
1111111011000010
1111111101100100
1111111011101011
1111111011101100
1111111010011001
1111111000101000
1111111100101010
1111111000100110
1111111010001101
1111111100001101
1111111100000111
1111111001011010
1111111111000010
1111111101101011
1111111110010001
1111111000100110
1111111010011100
1111111100100001
1111111101110101
1111111101100100
1111111110000011
1111111011100111
1111111011010101
1111111001100001
1111111010010111
1111111111011011
1111111110110110
1111111110111100
1111111101001100
1111111010111001
1111111101101101
1111111110011010
1111111110111000
1111111100011110
1111111101011110
1111111100101001
1111111110101110
1111111011110010
1111111100101111
1111111110111011
1111111110110001
1111111101001110
1111111110111110
1111111110001001
1111111100011001
1111111101110101
1111111100001001
1111111100011010
1111111101101001
1111111111000110
1111111000101011
1111111100111001
1111111110101101
1111111111000100
1111111011111101
1111111100001010
1111111000100110
1111111100100011
1111111010011100
1111111101111000
1111111101100010
1111111011010010
1111111100101111
1111111101111011
1111111011111101
1111111100010100
1111111101101111
1111111010111001
1111111001110101
1111111110001000
1111111110011101
1111111011100101
1111111011111100
1111111101010011
1111111011100110
1111111010011110
1111111100001000
1111111011001110
1111111011000100
1111111001000100
1111111011101100
1111111110111001
1111111100010111
1111111101010110
1111111110111111
1111111101110001
1111111110000011
1111111010011100
1111111101010011
1111111110001001
1111111110101010
1111111101001011
1111111111001000
1111111101111001
1111111100010010
1111111100010000
1111111110000111
1111111010110001
1111111110010101
1111111110001011
1111110110000101
1111111100100110
1111111101011111
1111111011100001
1111111110010000
1111111011110011
1111111100100100
1111111110000100
1111111100110100
1111111101111011
1111111101010100
1111111001111011
1111111101101010
1111111010110011
1111111110111010
1111111110110000
1111111110110111
1111111011111011
1111111110100101
