0000001011100010
0000000011011011
1111111110011010
0000000101100101
0000000000000110
0000000001111111
1111111110110101
0000000001011101
1111110111001001
0000001001000001
1111111010100000
0000000000010100
0000000011101011
1111111110111111
0000000010010010
0000000100000111
0000000001111101
1111111110101100
1111111111100000
1111111010011101
1111111111001110
1111110100011101
0000000110101001
0000010001000111
1111111110011011
0000000010111100
1111111100001111
1111111101010100
1111111111110100
0000000000001001
1111111000110110
1111111110010000
