0000000000111110
1111111111011010
0000000000001110
1111111111000000
0000000000100100
1111111111100110
1111111111101100
1111111111111010
1111111111000011
1111111111111111
0000000000110011
0000000001001010
0000000000001101
0000000000010110
0000000000100110
1111111111101100
0000000001011000
0000000001001010
0000000010010000
0000000000100000
1111111111010000
0000000000000010
0000000000100010
1111111111110100
1111111111001100
1111111111101111
0000000000000000
1111111101000110
1111111111001110
0000000000011010
0000000000000001
1111111111101111
