0000000000010001
0000000000000110
0000000000110111
1111111111111001
1111111111011000
1111111111101000
0000000000001101
0000000000001110
0000000000000011
0000000000001110
0000000000000110
1111111111111000
1111111111111111
0000000000001110
1111111111101001
0000000000110100
0000000000000101
1111111111101111
1111111110010110
1111111111001001
0000000001010110
1111111110011101
0000000000001101
0000000000111010
1111111111111101
0000000000000000
1111111111111001
0000000000010011
0000000000000110
0000000001011010
1111111111111101
0000000000011111
1111111110101111
0000000001111001
1111111111011011
1111111111101101
1111111010001101
0000000000011111
0000000000000000
1111111111101101
1111111101010000
0000000011111101
0000000011000000
1111111011001100
0000000000100101
0000000000001000
0000000010001111
1111111111110111
0000000010110101
0000000000100101
1111111100111011
0000000001001111
0000000011110011
1111111101110001
1111111101001000
0000000000001100
0000000000111100
0000000010100110
1111111110000111
0000000010101110
0000000101000111
0000000001000100
0000000100111010
0000000011001011
0000000000001011
0000000000001110
1111111111110011
0000000000000100
1111111111110110
1111111111110011
0000000000001010
1111111111111010
0000000000001010
0000000000001100
1111111111110100
0000000000000110
0000000000000011
1111111111101101
0000000000000000
1111111111111100
0000000000000011
0000000000011011
0000000000000101
1111111111101111
1111111111110011
0000000000000110
0000000000000100
1111111111100011
0000000000000011
0000000000100011
0000000000001100
1111111111110011
1111111111110111
1111111111110101
1111111111111100
1111111111111011
