0000000001110000
0000000100001010
0000000010110011
0000000011000100
0000000100101110
0000000011011101
0000000010011000
0000000010010010
0000000100110000
0000000100110110
0000000011100101
0000000101010111
0000000101110100
0000000100110000
0000000010101000
0000000101110010
0000000010100100
0000000010001111
0000000011010101
0000000100001011
0000000010011001
0000000001100010
0000000101000100
0000000100100011
0000000100101000
0000000100011111
0000000011010010
0000000101001001
0000000101011001
0000000100111011
0000000011010101
0000000010101100
