0000000001000100
0000000000101100
1111111111101111
1111111111010001
0000000000110100
0000000000101100
0000000001110101
1111111111100110
1111111110101100
0000000000001010
0000000000100111
0000000000110101
0000000000001111
0000000001011100
0000000000000110
1111111111110010
0000000000111000
0000000001101100
0000000001111111
0000000000011000
1111111111111100
1111111111111001
0000000000000110
0000000000110110
1111111110011010
0000000000001000
0000000000000100
1111111011101011
1111111111111101
0000000000111101
1111111111101001
0000000000010101
