0000011000000111
0000001111000101
0000001111000011
0000001111110000
0000001110111100
0000001111001100
0000001110111011
0000001111001001
0000010010001100
0000010001100111
0000001111011110
0000001111000110
0000001110100100
0000001111100000
0000001111100101
0000001110011000
0000001111001001
0000001111000010
0000001111001001
0000010001011011
0000001110011001
0000010100000011
0000001111011101
0000011110110100
0000001111001001
0000001110110111
0000001110101011
0000001111101001
0000001111010011
0000001111010101
0000010000001011
0000001111111011
