-0.32031250
-0.42578125
-1.51171875
-0.82421875
-0.71093750
-0.44531250
-0.64453125
-1.53906250
-0.94140625
-0.60937500
-0.76171875
-0.61718750
-1.47656250
-0.42578125
-0.41796875
-0.39453125
-1.49609375
-1.25390625
-0.38281250
-0.18359375
-0.89453125
-0.76953125
-0.30078125
-1.85546875
-0.69140625
-0.78515625
-0.76562500
-0.86718750
-0.11328125
-0.62109375
-1.78125000
-0.41015625
-0.64843750
-0.62109375
-0.27343750
-0.19921875
0.10156250
-0.30078125
-0.16015625
-0.17187500
-0.60937500
-0.27734375
-0.15625000
-0.60156250
-0.07031250
-0.94531250
-0.15625000
-0.21484375
-0.58984375
-0.50390625
-0.21484375
-0.94140625
-0.46484375
-0.28515625
-1.16796875
-0.58203125
-1.14453125
-0.43750000
-1.08593750
-0.54296875
-0.53515625
-1.14843750
-0.82031250
-1.39843750
-0.30468750
-1.04296875
-0.50000000
-1.47656250
-0.64843750
-0.98046875
-1.20703125
-0.07812500
-0.78906250
-0.15234375
-0.22265625
-1.08593750
-1.13281250
-1.33203125
-1.10937500
-1.39843750
-0.72656250
-0.36328125
-0.46484375
-0.42968750
-0.34765625
-1.43359375
-0.57812500
-0.83984375
-1.03906250
-1.26562500
-0.21875000
-0.53125000
-0.14843750
-0.19921875
-1.43750000
-0.48437500
-0.56640625
-1.03906250
-0.23046875
-0.76953125
-0.43750000
-1.33984375
-0.66015625
-0.82031250
-0.92578125
-0.99609375
0.23046875
-1.24609375
-0.71875000
-1.46484375
-0.19531250
-0.41796875
-1.16796875
-0.78515625
-0.99609375
-1.23828125
-0.90625000
-1.27734375
-0.25390625
-0.78125000
-0.62500000
-0.19140625
-0.42578125
-0.30468750
-0.33593750
-0.53515625
-0.42578125
-0.22265625
