1111111110101110
1111111110010011
1111111001111101
1111111100101101
1111111101001010
1111111110001110
1111111101011011
1111111001110110
1111111100001111
1111111101100100
1111111100111101
1111111101100010
1111111010000110
1111111110010011
1111111110010101
1111111110011011
1111111010000001
1111111010111111
1111111110011110
1111111111010001
1111111100011011
1111111100111011
1111111110110011
1111111000100101
1111111101001111
1111111100110111
1111111100111100
1111111100100010
1111111111100011
1111111101100001
1111111000111000
1111111110010111
1111111101011010
1111111101100001
1111111110111010
1111111111001101
0000000000011010
1111111110110011
1111111111010111
1111111111010100
1111111101100100
1111111110111001
1111111111011000
1111111101100110
1111111111101110
1111111100001110
1111111111011000
1111111111001001
1111111101101001
1111111101111111
1111111111001001
1111111100001111
1111111110001001
1111111110110111
1111111011010101
1111111101101011
1111111011011011
1111111110010000
1111111011101010
1111111101110101
1111111101110111
1111111011011010
1111111100101110
1111111010011010
1111111110110010
1111111011110101
1111111110000000
1111111010000110
1111111101011010
1111111100000101
1111111011001011
1111111111101100
1111111100110110
1111111111011001
1111111111000111
1111111011101010
1111111011011110
1111111010101011
1111111011100100
1111111010011010
1111111101000110
1111111110100011
1111111110001001
1111111110010010
1111111110100111
1111111010010001
1111111101101100
1111111100101001
1111111011110110
1111111010111100
1111111111001000
1111111101111000
1111111111011010
1111111111001101
1111111010010000
1111111110000100
1111111101101111
1111111011110110
1111111111000101
1111111100111011
1111111110010000
1111111010101001
1111111101010111
1111111100101110
1111111100010011
1111111100000001
0000000000111011
1111111011000001
1111111101001000
1111111010001001
1111111111001110
1111111110010101
1111111011010101
1111111100110111
1111111100000001
1111111011000011
1111111100011000
1111111010111001
1111111110111111
1111111100111000
1111111101100000
1111111111001111
1111111110010011
1111111110110010
1111111110101010
1111111101110111
1111111110010011
1111111111000111
