1111111110001100
1111111100111011
1111111110101111
0000000001111000
1111111111000100
1111111110010110
1111111111001011
0000000010100111
1111111111110100
0000000000110100
0000000011000000
1111111110000001
0000001001000011
0000000100001100
0000000010101011
0000000001000101
0000000001100011
1111111101000110
1111111101000010
0000000100100001
0000000010000001
1111111101100100
0000000101010001
1111111101111001
0000000101011110
1111111111110010
0000000101000110
0000000010100000
1111111111100111
0000000011100001
0000000010001110
0000000100111111
1111111111000011
1111111011001111
1111111001101011
1111111011010001
1111111110101101
1111111111000100
0000000010100111
0000000001101101
0000000011100010
1111111111111010
1111111110111010
1111111100110010
0000000011110001
0000000010101010
1111111011010101
0000000100110010
0000000101000110
0000000001110100
1111111111110111
1111111111101101
0000000000011010
1111111110100110
0000000011101001
1111111111111000
0000000011100010
0000000001011011
0000000101010010
0000000011000101
0000000001100000
0000000010001110
0000000010001111
0000000110110101
1111111111111110
0000000000001101
1111111111111100
0000000000010001
0000000000010000
1111111111110110
1111111111111111
1111111111111010
1111111111111000
1111111111110110
1111111111111001
0000000000000100
0000000000000000
0000000000001000
0000000000000101
0000000000000100
0000000000001011
1111111111111001
0000000000111101
1111111111111110
0000000000000000
0000000000000001
1111111111111011
1111111111111101
0000000000001100
1111111111101110
0000000000000000
1111111111111010
0000000000010010
1111111111101010
0000000000010010
0000000000000011
