1111111111110110
1111110110000011
1111111111001101
1111111111111110
1111111111111100
0000000000001001
0000000000001000
0000000000001100
1111111111111101
0000000000001000
0000000000000001
0000000000000001
1111111111110110
1111111111110101
1111111111111010
0000000000100001
0000000000000110
0000000000001100
1111111111111101
1111111111111010
0000000000001100
0000000000000011
0000000000011011
0000000000001110
1111111111111100
0000001011101000
0000000000001011
0000000000000000
1111111111111100
0000000000000000
0000000000000111
0000000000010011
0000000100001110
1111111101001100
1111111110011000
0000000001001111
1111111111010011
0000000000101011
1111111101110111
0000000000011000
1111111110011011
1111111100010100
1111111100000101
0000000001100100
1111111100101101
0000000001100111
0000000010110000
1111111101010100
0000000000101010
1111111110000010
0000000000110111
1111111100001111
1111111111001101
0000000001111100
1111111110010001
1111111101101100
0000000011101111
0000000010101101
1111111110011000
1111111101111100
0000000001100000
0000000011000010
1111111101111110
1111111101111100
0000000000000100
0000000000000100
1111111111110101
0000000000001011
1111111111111000
0000000000000111
0000000000000000
1111111111101011
0000000000000010
1111111111110111
0000000000000000
0000000000010101
1111111111111011
0000000000000010
0000000000000111
0000000000000011
1111111111111011
1111111111111000
0000000000000001
0000000000000000
1111111111110111
0000000000000000
1111111111111011
0000000000000100
0000000000010111
1111111111111111
0000000000001011
0000000000001000
0000000000000001
0000000000000001
1111111111110000
1111111111111010
