0000000000001010
1111111111101100
0000000000001111
0000000000011110
0000000000011101
0000000000101110
0000000000010010
1111111111100000
1111111111101100
0000000000000010
1111111111110000
1111111111110000
1111111111111101
1111111111110111
1111111111110111
1111111111001000
1111111111010011
1111111111111011
1111111111001110
0000000000010010
1111111111111000
1111111111010001
1111111111111010
0000000000001100
1111111111110101
1111111111101011
1111111111010101
0000000000001110
1111111111111010
0000000000011110
0000000000101101
1111111111011000
