0000000000011001
1111111111000010
1111111111001100
0000000000001101
1111111111101001
1111111111110010
1111111111011001
1111111111011110
0000000000010111
0000000001000010
1111111110111110
1111111111111100
1111111111111110
1111111110111111
1111111111101000
1111111111110001
1111111111101000
1111111110111010
1111111111001001
1111111111001010
1111111111110001
1111111111010011
1111111111100101
0000000000001010
1111111111010111
1111111111101100
1111111111100111
1111111111111100
0000000000000000
1111111111001010
1111111111111011
1111111111110101
