1111111111111111
0000000000100000
0000000000001111
1111111110010100
0000000000001000
1111111111110011
1111111111110010
0000000110101100
0000000000010110
1111111110111100
1111111111100010
1111111110111110
0000000000001001
0000000000010110
1111111110111110
1111110111000010
1111111111111100
0000000000101110
0000000000000011
1111111111101010
0000000000001000
0000000000011000
1111111111110110
1111111110111111
1111111111111001
0000000000100100
1111111110111010
0000000000011100
1111111111110111
1111111111101110
1111111111101011
0000000000100001
0000000000010010
1111111111010011
1111111110100111
1111111101000010
1111111111001000
0000000000010000
1111111100111010
0000000011000010
0000000100111100
1111111101011000
1111111111001111
1111111110010010
1111111110100101
1111111100100110
0000000000110110
1111111111010100
1111111101011011
1111111101101011
1111111111001000
1111111111101110
0000000010011000
1111111110010010
1111111111000100
1111111101100000
1111111100010010
1111111111010000
1111111110100110
0000000010011110
0000000011000010
1111111110001101
1111111111010101
1111111101011101
1111111111110010
1111111111110111
1111111111111110
1111111111101101
0000000000000101
1111111111111011
0000000000001101
0000000000000100
1111111111110011
1111111111111010
1111111111111001
0000000000001101
0000000000001000
1111111111111100
1111111111110011
0000000000001000
0000000000001100
1111111111111010
0000000000010001
1111111111111100
0000000000000001
0000000000000010
0000000000000010
1111111111111110
0000000000001011
0000000000000100
0000000000001100
1111111111111011
0000000000001001
0000000000000011
0000000000000111
1111111111111010
