0000000000110011
1111111111111010
1111111111101011
1111111111110011
1111111111110011
0000000000000010
0000000000100100
1111111111011001
0000000000001101
0000000000010100
1111111111101101
0000000000100101
1111111111111100
1111111111101001
0000000000001010
1111111111111111
1111111111100111
0000000000011010
1111111111111101
1111111111111011
1111111111101010
1111111111100000
0000000000000000
1111111111111100
1111111111001000
0000000000001011
1111111111110101
1111111111100011
0000000000100110
0000000000000000
0000000000100001
1111111111111100
