-0.45312500
-0.76953125
-0.31640625
0.46875000
-0.23437500
-0.41406250
-0.20703125
0.65234375
-0.04687500
0.20312500
0.75000000
-0.49609375
2.26171875
1.04687500
0.66796875
0.26953125
0.38671875
-0.72656250
-0.74218750
1.12890625
0.50390625
-0.60937500
1.31640625
-0.52734375
1.36718750
-0.05468750
1.27343750
0.62500000
-0.09765625
0.87890625
0.55468750
1.24609375
-0.23828125
-1.19140625
-1.58203125
-1.18359375
-0.32421875
-0.23437500
0.65234375
0.42578125
0.88281250
-0.02343750
-0.27343750
-0.80468750
0.94140625
0.66406250
-1.16796875
1.19531250
1.27343750
0.45312500
-0.03515625
-0.07421875
0.10156250
-0.35156250
0.91015625
-0.03125000
0.88281250
0.35546875
1.32031250
0.76953125
0.37500000
0.55468750
0.55859375
1.70703125
-0.00781250
0.05078125
-0.01562500
0.06640625
0.06250000
-0.03906250
-0.00390625
-0.02343750
-0.03125000
-0.03906250
-0.02734375
0.01562500
0.00000000
0.03125000
0.01953125
0.01562500
0.04296875
-0.02734375
0.23828125
-0.00781250
0.00000000
0.00390625
-0.01953125
-0.01171875
0.04687500
-0.07031250
0.00000000
-0.02343750
0.07031250
-0.08593750
0.07031250
0.01171875
