1111111111001011
0000000000001000
0000000000000010
1111111111010100
0000000000001100
0000000000010110
0000000000010110
0000000000101011
1111111111111010
0000000000010001
1111111111101010
0000000000101000
1111111111111011
0000000000001101
0000000000011101
1111111111100000
0000000000100100
0000000000011011
0000000000000101
1111111111111010
1111111111101010
0000000000011111
0000000000001111
1111111111111011
1111111111101001
0000000000000111
1111111111101010
1111111111010000
1111111111111111
0000000000010011
0000000000000000
1111111111110110
