0000000100001101
0000000100111011
0000000101000101
0000000100011101
0000000100101111
0000000100110000
0000000100010011
0000000100000111
0000000101000110
0000000101000111
0000000101000000
0000000100100110
0000000101001011
0000000100110100
0000000101010010
0000000101010110
0000000100100011
0000000100100110
0000000011111111
0000000100101101
0000000100011110
0000000011111000
0000000101010011
0000000100111011
0000000101001001
0000000101001000
0000000100110111
0000000100010011
0000000100101111
0000000100110001
0000000100011010
0000000100110111
