0000000011110100
0000000100110111
0000000101001111
0000000101000100
0000000100011001
0000000100000100
0000000011111110
0000000100001011
0000000011010101
0000000100110111
0000000100111111
0000000101000000
0000000101000110
0000000100101001
0000000101010111
0000000101000011
0000000100011101
0000000100001011
0000000100111010
0000000100000011
0000000100111110
0000000100001001
0000000100011011
0000000100011010
0000000100011010
0000000100010100
0000000100011100
0000000100010000
0000000101010010
0000000100111110
0000000100100111
0000000100111011
