0000000011001100
0000000100011011
0000000101001001
0000000100011110
0000000100100011
0000000100100100
0000000011110011
0000000011010010
0000000011010001
0000000100001001
0000000100001111
0000000100000101
0000000100011111
0000000100001000
0000000100101010
0000000100100111
0000000011111010
0000000100101100
0000000100010000
0000000010111110
0000000101000100
0000000011101100
0000000100111010
0000000101000110
0000000100000111
0000000101011010
0000000100011001
0000000010011011
0000000100010110
0000000100101110
0000000100001010
0000000100110000
