0000000000111111
0000000000000000
1111111111110011
0000000000000101
1111111110101110
0000000000000110
0000000000110010
0000000000001011
1111111111011110
0000000000011000
1111111111110101
1111111111101100
1111111111110110
0000000000000000
1111111111100101
0000000000101101
0000000000001000
1111111111010011
1111111111111011
0000000001000001
0000000000001110
0000000000111010
0000000000100001
0000000000011100
1111111111100011
0000000000001001
0000000000000100
1111111111010011
0000000000000010
1111111111110111
0000000000011010
1111111111001011
