0000000011001101
1111111111101101
0000000010000010
1111111111110000
1111111111100000
1111111111000111
0000000000100110
1111111101100100
0000000000001110
0000000000100001
1111111110111011
0000000000011110
0000000000000100
1111111111111011
1111111111011001
0000000000010011
1111111111011001
1111111010101010
0000000001110111
1111111111110110
1111111111110011
0000000010000001
0000000000010010
0000000000100001
1111111111111001
0000000000010111
1111111111011010
1111111111100011
1111111111110100
0000000000000111
1111111111100110
1111111101001101
