1111111111011110
0000000000011101
0000000000100001
0000000000001111
0000000000110110
0000000000000010
1111111111010110
1111111111111111
0000000000001100
0000000000100111
1111111111100000
0000000000011111
1111111111001010
0000000000110000
1111111111101100
1111111111111100
0000000000001000
0000000000000001
1111111111110010
1111111111101111
1111111111000101
1111111111101010
1111111111110010
1111111111000010
0000000000001001
1111111111110001
0000000000011000
0000000000001000
0000000000011010
0000000000110000
1111111111011110
0000000000000001
