-0.03906250
-2.48828125
-0.19921875
-0.00781250
-0.01562500
0.03515625
0.03125000
0.04687500
-0.01171875
0.03125000
0.00390625
0.00390625
-0.03906250
-0.04296875
-0.02343750
0.12890625
0.02343750
0.04687500
-0.01171875
-0.02343750
0.04687500
0.01171875
0.10546875
0.05468750
-0.01562500
2.90625000
0.04296875
0.00000000
-0.01562500
0.00000000
0.02734375
0.07421875
1.05468750
-0.70312500
-0.40625000
0.30859375
-0.17578125
0.16796875
-0.53515625
0.09375000
-0.39453125
-0.92187500
-0.98046875
0.39062500
-0.82421875
0.40234375
0.68750000
-0.67187500
0.16406250
-0.49218750
0.21484375
-0.94140625
-0.19921875
0.48437500
-0.43359375
-0.57812500
0.93359375
0.67578125
-0.40625000
-0.51562500
0.37500000
0.75781250
-0.50781250
-0.51562500
0.01562500
0.01562500
-0.04296875
0.04296875
-0.03125000
0.02734375
0.00000000
-0.08203125
0.00781250
-0.03515625
0.00000000
0.08203125
-0.01953125
0.00781250
0.02734375
0.01171875
-0.01953125
-0.03125000
0.00390625
0.00000000
-0.03515625
0.00000000
-0.01953125
0.01562500
0.08984375
-0.00390625
0.04296875
0.03125000
0.00390625
0.00390625
-0.06250000
-0.02343750
