1111111111010101
1111111111101011
0000000000001110
1111111111110010
0000000000000000
1111111111100000
1111111111001110
1111111111111001
0000000000101110
0000000000111001
1111111110111100
0000000000000000
1111111111001101
1111111111011010
0000000000001011
0000000000011000
0000000000110001
1111111111001111
1111111111000100
1111111111110111
1111111111110001
1111111111101100
1111111111110111
1111111111110010
1111111111111101
1111111111111100
1111111111111011
0000000000000010
1111111111100101
1111111111101100
1111111111101010
1111111111011000
