0000000010101001
0000000100011011
0000000010101001
0000000001100000
1111111111000011
1111111111001011
0000000001110001
0000000000101001
1111111111101000
0000000000100010
0000000000010010
1111111111000101
1111110010100101
1111110011010000
0000000000010010
0000000001001001
0000000001000011
1111111100111000
1111111111101100
1111111111010000
0000000001000011
0000000100101011
0000000000010001
0000000001100011
1111111111101111
1111111000111111
0000000001000001
1111111111011100
1111110111000010
1111111111110001
0000000001001001
0000000000101010
0000000000110101
1111111101001010
0000000000001101
0000000001011100
0000000101000011
0000000010010101
0000000001000100
1111111110010001
1111111011010111
0000000000100001
0000000011100100
0000000010000110
0000000000100110
0000000010101111
1111111100100100
1111111101001001
1111111100110101
0000000010011011
1111111010010101
0000000010101101
1111111110010110
1111111011101101
0000000000101010
1111111111100011
1111111111011001
0000000000100111
0000000000001100
0000000000001001
0000000000001101
1111111111101111
1111111100101001
0000000010100000
1111111111111110
0000000000000000
0000000000001111
0000000000001111
1111111111111010
1111111111110110
1111111111110100
1111111111110111
1111111111111100
0000000000101000
0000000000001000
1111111111101101
1111111111111100
0000000000000000
1111111111111010
0000000000000000
0000000000001101
0000000000000000
1111111111111011
0000000000000000
0000000000000001
0000000000000001
0000000000011001
0000000000000011
1111111111111110
1111111111111111
1111111111100101
0000000000000111
0000000000000101
0000000000000000
0000000000001011
1111111111110110
