0000000000000000
1111111111111100
1111111110101110
0000000000111010
0000000001100110
0000000001001010
1111111111111000
1111111100111100
1111111111100110
1111111111010010
1111111111010010
0000000000001010
1111111111111010
1111111110101010
0000000000001101
0000000000001001
0000000000001000
1111111110011010
0000000001010101
0000000000010011
1111111111100000
0000000000010101
1111111111010000
1111111111100101
1111111110110111
0000000000010001
1111111111100010
1111111111010110
1111111111110001
1111111111101010
0000000000011101
1111111110111011
