0000000000000000
0000000000101001
0000000000011011
1111111111011111
1111111111110100
0000000000000100
1111111111110000
1111111111101111
0000000000010100
0000000000100101
0000000000010110
0000000000101011
1111111111110101
0000000000011111
1111111111111010
1111111111101111
1111111111111101
0000000000000001
1111111111111111
1111111111111110
1111111111101100
0000000000010000
1111111111010001
1111111111001101
1111111111111100
0000000000110001
0000000000011010
0000000000000010
1111111111111101
0000000000000111
1111111111111101
0000000000010111
