1111111100100000
1111111110010101
0000000001010010
1111111110100111
0000000010111011
1111111111011001
1111111101001010
0000000000000100
0000000000010011
0000000000010110
1111111101111000
0000000000101100
1111111111111001
1111111111001000
0000000000110101
1111111110111101
0000000001000010
0000000000100110
1111111110010010
1111111110100010
1111111111010101
1111111101111010
0000000000111001
1111111111010101
0000000000101100
1111111110100000
1111111111111100
1111111111101010
0000000000010110
1111111111011111
1111111111011110
1111111111100100
