1111111111110110
1111111111111011
1111111111111001
1111111111111110
1111111111100110
1111111111110101
1111111111101111
1111111111111111
1111111111101111
1111111111111111
1111111111101101
0000000000010000
1111111111111101
0000000000100010
0000000000001001
0000000000000000
0000000000000101
1111111111111110
0000000000011101
1111111111100011
0000000000000000
1111111111111011
0000000000010001
0000000000000011
1111111111110101
0000000000010111
0000000000000101
0000000000000011
0000000000001100
1111111111110011
0000000000000111
0000000000001010
