0000000100000010
0000000100101011
0000000100010011
0000000100101100
0000000100001100
0000000100001001
0000000011111111
0000000011101010
0000000100011011
0000000100111010
0000000100101111
0000000100001100
0000000100101001
0000000100101000
0000000100110101
0000000100110101
0000000100001100
0000000100010111
0000000100011101
0000000100010000
0000000100111000
0000000100010101
0000000100110011
0000000100100100
0000000100011000
0000000100011010
0000000100100010
0000000100010011
0000000100110010
0000000100101100
0000000100100001
0000000100110101
