-0.00390625
0.12500000
0.05859375
-0.42187500
0.03125000
-0.05078125
-0.05468750
1.67187500
0.08593750
-0.26562500
-0.11718750
-0.25781250
0.03515625
0.08593750
-0.25781250
-2.24218750
-0.01562500
0.17968750
0.01171875
-0.08593750
0.03125000
0.09375000
-0.03906250
-0.25390625
-0.02734375
0.14062500
-0.27343750
0.10937500
-0.03515625
-0.07031250
-0.08203125
0.12890625
0.07031250
-0.17578125
-0.34765625
-0.74218750
-0.21875000
0.06250000
-0.77343750
0.75781250
1.23437500
-0.65625000
-0.19140625
-0.42968750
-0.35546875
-0.85156250
0.21093750
-0.17187500
-0.64453125
-0.58203125
-0.21875000
-0.07031250
0.59375000
-0.42968750
-0.23437500
-0.62500000
-0.92968750
-0.18750000
-0.35156250
0.61718750
0.75781250
-0.44921875
-0.16796875
-0.63671875
-0.05468750
-0.03515625
-0.00781250
-0.07421875
0.01953125
-0.01953125
0.05078125
0.01562500
-0.05078125
-0.02343750
-0.02734375
0.05078125
0.03125000
-0.01562500
-0.05078125
0.03125000
0.04687500
-0.02343750
0.06640625
-0.01562500
0.00390625
0.00781250
0.00781250
-0.00781250
0.04296875
0.01562500
0.04687500
-0.01953125
0.03515625
0.01171875
0.02734375
-0.02343750
