0000000100100101
0000000101100010
0000000100110100
0000000100110111
0000000100010110
0000000100100110
0000000100010110
0000000011010111
0000000100001001
0000000100110001
0000000100101101
0000000100110001
0000000101001001
0000000101000000
0000000101000111
0000000100110100
0000000100010010
0000000100011111
0000000100111100
0000000100010010
0000000100101111
0000000100010111
0000000100101101
0000000100101011
0000000100010111
0000000101001001
0000000100101001
0000000100100010
0000000101000100
0000000100101110
0000000100101000
0000000100110010
