-0.25781250
-0.50390625
-0.98437500
-0.25390625
-0.20312500
-0.16796875
-0.21484375
-1.12890625
-1.28515625
-0.12890625
-0.48046875
-0.79687500
-0.56250000
-2.27734375
0.19531250
-0.16015625
-0.16406250
-1.33203125
-0.17187500
-1.46484375
-0.24609375
-0.53125000
-1.64453125
-0.13671875
-0.22656250
-1.55078125
-0.23437500
-1.00781250
-1.70703125
-0.28125000
-0.00390625
-0.26953125
-0.12500000
0.21875000
-0.14843750
-1.53906250
-0.46484375
0.31250000
-0.20312500
0.69140625
-0.15625000
-1.40625000
-0.36718750
-0.21093750
-1.75781250
-1.41796875
-0.16796875
-0.19140625
-0.87890625
-1.58984375
-0.19531250
-0.25390625
-0.23046875
-0.13671875
-0.73437500
-0.19531250
-0.58203125
-0.19921875
-0.20312500
-0.17968750
-1.51953125
-1.42968750
-0.19140625
-0.17187500
-0.23437500
-1.62500000
-0.15234375
-1.65625000
-0.15625000
-0.13281250
-0.18359375
-1.05468750
-0.23046875
-0.21093750
-1.29687500
-0.26953125
-2.31640625
-0.14453125
-0.28125000
-0.16796875
0.23437500
-0.24218750
-1.41015625
-0.22265625
-0.25390625
-0.16796875
-1.33593750
-0.19531250
-1.75000000
-1.41406250
-1.42578125
-0.96093750
-0.59375000
-1.30078125
-0.80859375
-0.20703125
-0.12890625
-0.55078125
-0.19140625
-0.23828125
-0.19140625
-0.21093750
-0.35937500
0.20703125
-0.23046875
-0.16015625
-1.45312500
-0.10546875
-1.89062500
-0.14453125
-0.24609375
-0.17578125
-0.16015625
-1.40234375
-0.20312500
-0.28515625
-1.71875000
-0.21484375
-0.19531250
-0.17578125
-1.88281250
0.05859375
-0.24218750
-0.21484375
-1.26171875
-0.52734375
0.54296875
-0.63671875
