0000000010110100
0000001001001001
0000000101001010
0000000110011000
0000001011010011
0000001000000100
0000000100000000
0000000100100111
0000001011110000
0000001100010111
0000001000000010
0000001101000101
0000001110001101
0000001100100000
0000000101010111
0000001111011100
0000000100100111
0000000011111100
0000000100100010
0000001010010000
0000000100101100
0000000001001010
0000001100110110
0000001011000011
0000001010101111
0000001010101011
0000000111100111
0000001101101101
0000001101001110
0000001100010111
0000000101101000
0000000111111010
