-0.01562500
-0.34375000
0.05078125
-0.53906250
0.00000000
-0.57031250
0.67968750
-0.02734375
0.12500000
0.10156250
-0.69140625
-0.89453125
0.11718750
-0.87890625
-0.10546875
0.81640625
0.17968750
-0.12890625
-0.73437500
0.19531250
-0.15234375
-0.02343750
-0.11718750
-0.03125000
0.03125000
0.03515625
-0.09765625
0.37109375
-0.25390625
-0.44531250
-0.21875000
-0.25000000
-0.66796875
0.82812500
-0.37500000
-1.17187500
-0.20312500
-0.16406250
-0.17968750
-0.62109375
-0.38281250
-0.04296875
-0.78515625
-0.39843750
0.28906250
0.00781250
-0.55468750
-0.02734375
-0.14843750
-0.50390625
0.02343750
-0.00781250
-0.21875000
-0.81640625
0.41796875
0.44921875
-1.38671875
-0.02734375
-0.07421875
-0.30859375
-0.22265625
0.16406250
-0.55078125
0.07812500
-0.02343750
0.01953125
0.01171875
-0.00390625
-0.01953125
-0.05859375
0.05468750
-0.01171875
0.02343750
0.04296875
0.01953125
-0.02343750
-0.05078125
0.02343750
0.01953125
-0.05468750
-0.00390625
0.00390625
-0.01171875
0.00781250
0.07812500
-0.09375000
-0.00390625
-0.02343750
-0.01562500
0.05468750
0.01953125
-0.09375000
-0.07031250
-0.01953125
-0.05859375
-0.01171875
