0.06640625
0.02343750
0.21484375
-0.02734375
-0.15625000
-0.09375000
0.05078125
0.05468750
0.01171875
0.05468750
0.02343750
-0.03125000
-0.00390625
0.05468750
-0.08984375
0.20312500
0.01953125
-0.06640625
-0.41406250
-0.21484375
0.33593750
-0.38671875
0.05078125
0.22656250
-0.01171875
0.00000000
-0.02734375
0.07421875
0.02343750
0.35156250
-0.01171875
0.12109375
-0.31640625
0.47265625
-0.14453125
-0.07421875
-1.44921875
0.12109375
0.00000000
-0.07421875
-0.68750000
0.98828125
0.75000000
-1.20312500
0.14453125
0.03125000
0.55859375
-0.03515625
0.70703125
0.14453125
-0.76953125
0.30859375
0.94921875
-0.55859375
-0.71875000
0.04687500
0.23437500
0.64843750
-0.47265625
0.67968750
1.27734375
0.26562500
1.22656250
0.79296875
0.04296875
0.05468750
-0.05078125
0.01562500
-0.03906250
-0.05078125
0.03906250
-0.02343750
0.03906250
0.04687500
-0.04687500
0.02343750
0.01171875
-0.07421875
0.00000000
-0.01562500
0.01171875
0.10546875
0.01953125
-0.06640625
-0.05078125
0.02343750
0.01562500
-0.11328125
0.01171875
0.13671875
0.04687500
-0.05078125
-0.03515625
-0.04296875
-0.01562500
-0.01953125
