0000000011000101
0000000011101010
0000000011111010
0000000011111000
0000000011010110
0000000011100101
0000000011101001
0000000011000110
0000000011000100
0000000011110011
0000000100010011
0000000011110101
0000000100100001
0000000011111100
0000000100001011
0000000100000111
0000000011101111
0000000100000010
0000000011000011
0000000010100000
0000000100000100
0000000011111011
0000000011011000
0000000100001101
0000000011001011
0000000100010101
0000000011100111
0000000001111000
0000000100011000
0000000011110111
0000000011000011
0000000100010111
