1111111101111011
1111111100010011
1111111110000010
1111111011100001
1111111110000110
1111111100000100
1111111101011111
1111111111000000
0000000000000110
1111111001000100
1111111010001100
1111111101110110
1111111101100011
1111111100000001
1111111110111000
1111111011101110
1111111101101110
1111111101101000
1111110111010101
1111111010010111
1111111100001100
1111111000110100
1111111010111111
1111111100101100
1111111011101100
1111111011010110
1111111001010011
1111111100011011
1111111101011001
1111111110100100
1111111110000000
1111111010111101
1111111111000000
1111111110010110
1111111101011001
1111111101011001
1111111101011100
1111111101100111
1111111011101110
1111111001101001
1111111100100000
1111111110000001
1111111010101100
1111111110000100
1111111001101000
1111111100111001
1111111011011001
1111111110010010
1111111110110101
1111111110011001
1111111110011100
1111111110011101
1111111111000000
1111111110111110
1111111001101100
1111111011101010
1111111011001011
1111111010000011
1111111100111111
1111111101100011
1111111101100101
1111110111001010
1111111111010011
1111111110000001
1111111000100110
1111111111101001
1111111101010001
1111111100001010
1111111111000111
1111111010110100
1111111111100000
1111111001001111
1111111011101010
1111111111011100
1111111101000110
1111111011110011
1111111100100011
1111111000011000
1111111101000101
1111111010010010
1111111101100111
1111111000000011
1111111011110101
1111111100110000
1111111110100010
1111111010001011
1111111010100001
1111111011000011
1111111010000110
1111111100001011
1111111101010001
1111111000100000
1111111110001100
1111111011011100
1111111111110000
1111111000100100
1111111100001000
1111110110111111
1111111100010100
1111110110101001
1111111110100111
1111111010011010
1111111101110110
1111111100110011
0000000000000011
1111111011101101
1111111011001101
1111111010001111
1111111110011111
1111111111001111
1111111101001011
1111111000000001
1111111100101111
1111111111001000
1111111111001110
1111111111100000
1111111011011011
1111111100000010
1111111100000110
1111111111001110
1111111111000010
1111110111010010
1111111011110110
1111111011111101
1111111001101001
1111111000111101
1111111101001011
1111111100110001
