1111111110111110
1111111101111111
1111111100000100
1111111110111111
1111111111001100
1111111111010101
1111111111001001
1111111011011111
1111111010110111
1111111111011111
1111111110000101
1111111100110100
1111111101110000
1111110110111001
0000000000110010
1111111111010111
1111111111010110
1111111010101011
1111111111010100
1111111010001001
1111111111000001
1111111101111000
1111111001011011
1111111111011101
1111111111000110
1111111001110011
1111111111000100
1111111011111110
1111111001001011
1111111110111000
1111111111111111
1111111110111011
1111111111100000
0000000000111000
1111111111011010
1111111001110110
1111111110001001
0000000001010000
1111111111001100
0000000010110001
1111111111011000
1111111010011000
1111111110100010
1111111111001010
1111111000111110
1111111010010101
1111111111010101
1111111111001111
1111111100011111
1111111001101001
1111111111001110
1111111110111111
1111111111000101
1111111111011101
1111111101000100
1111111111001110
1111111101101011
1111111111001101
1111111111001100
1111111111010010
1111111001111011
1111111010010010
1111111111001111
1111111111010100
1111111111000100
1111111001100000
1111111111011001
1111111001011000
1111111111011000
1111111111011110
1111111111010001
1111111011110010
1111111111000101
1111111111001010
1111111010110100
1111111110111011
1111110110101111
1111111111011011
1111111110111000
1111111111010101
0000000000111100
1111111111000010
1111111010010111
1111111111000111
1111111110111111
1111111111010101
1111111010101010
1111111111001110
1111111001000000
1111111010010110
1111111010010011
1111111100001010
1111111101101000
1111111010110011
1111111100110001
1111111111001011
1111111111011111
1111111101110011
1111111111001111
1111111111000011
1111111111001111
1111111111001010
1111111110100100
0000000000110101
1111111111000101
1111111111010111
1111111010001100
1111111111100101
1111111000011100
1111111111011011
1111111111000001
1111111111010011
1111111111010111
1111111010011001
1111111111001100
1111111110110111
1111111001001000
1111111111001001
1111111111001110
1111111111010011
1111111000011110
0000000000001111
1111111111000010
1111111111001001
1111111010111101
1111111101111001
0000000010001011
1111111101011101
