1111111111100100
0000000000011010
1111111111100111
1111111111000110
1111111111111101
0000000000111100
0000000000010101
0000000000011101
0000000000100000
0000000000111001
1111111111100100
1111111111111000
1111111111111000
1111111111011011
1111111111110110
1111111111010101
0000000000000110
1111111111000100
1111111111000100
1111111111001000
0000000000100000
0000000000100001
1111111111100100
0000000000001101
1111111111011000
0000000000001110
1111111111011000
1111111111000001
0000000000001011
0000000000000100
1111111111101111
1111111111011101
