-0.13671875
-0.44140625
-0.33984375
-0.27734375
-0.51953125
-1.76171875
-0.83593750
-1.79296875
-0.85156250
-0.64062500
-1.31640625
-0.10937500
-0.87890625
-0.22265625
-0.35546875
-0.37500000
-0.63671875
-0.33203125
-0.79687500
-0.25000000
-0.45312500
-1.62109375
-1.01562500
-0.75000000
-0.85156250
-0.58984375
-1.19140625
-1.03906250
-0.41015625
-0.62890625
-0.41015625
-0.90234375
-1.31250000
-0.68359375
-0.51953125
-0.31250000
-1.08593750
-0.82812500
-1.71875000
-0.51171875
-0.29687500
-0.23828125
-0.39453125
-0.28515625
-0.49218750
-1.68359375
-0.15625000
-0.37890625
-0.42968750
-0.92968750
-0.44921875
-0.93359375
-1.05078125
-1.06250000
-0.60546875
-1.39062500
-0.80859375
-1.87109375
-0.87890625
-1.23437500
-0.19531250
-0.71484375
-0.76562500
-1.57421875
-0.21484375
-0.35546875
-0.93359375
-0.41406250
-0.58593750
-0.96875000
-0.90234375
-0.52343750
-1.01171875
-0.73437500
-0.34765625
-0.50781250
-1.23437500
-0.65625000
-0.26953125
-0.70703125
-1.13671875
-0.23828125
-0.30859375
-1.68359375
-0.84765625
-0.85546875
-0.66796875
-1.01953125
-1.92578125
-0.23828125
-0.33593750
-0.35937500
-0.71875000
-0.65234375
-0.27734375
-0.45312500
-0.32421875
-0.70703125
-0.46484375
-0.44921875
-0.31640625
-1.14843750
-0.47656250
-1.26562500
-0.73437500
-0.46875000
-1.39062500
-0.95703125
-0.99609375
-1.41406250
-0.56640625
-0.88281250
-0.81250000
-0.52734375
-0.19140625
-0.65625000
-0.48437500
-0.64453125
-0.83593750
-0.73828125
-0.83593750
-1.23828125
-0.87500000
-1.47265625
-1.03515625
-0.35156250
-0.46875000
-0.95703125
