-1.52343750
-1.07031250
-1.41796875
-0.34765625
-0.78125000
-1.43750000
-0.81250000
-1.23828125
-1.21093750
-1.24218750
-0.60937500
-1.08203125
-1.07812500
-1.40234375
-1.84375000
-0.83593750
-1.85156250
-1.44921875
-0.94921875
-0.97265625
-1.64843750
-0.24218750
-0.58203125
-0.43359375
-1.85156250
-1.39062500
-0.87109375
-0.54296875
-0.60937500
-0.48828125
-1.09765625
-1.16796875
-1.62109375
-1.41015625
-0.14453125
-0.28906250
-0.26562500
-0.70312500
-1.27734375
-0.57421875
-0.39843750
-0.28125000
-0.88281250
-0.63281250
-0.83984375
-0.32031250
-1.05468750
-0.81640625
-0.26953125
-0.30859375
-0.69531250
-0.25781250
-0.46484375
-0.90234375
-0.54296875
-0.96484375
-0.89843750
-0.58984375
-0.22656250
-1.83203125
-0.77734375
-0.32421875
-0.23437500
-1.01171875
-0.96093750
-1.85156250
-0.86328125
-1.39062500
-0.53125000
-0.61718750
-1.17968750
-0.81640625
-0.51953125
-1.01171875
-0.92187500
-0.56640625
-1.27734375
-1.54296875
-0.46875000
-0.38671875
-1.10546875
-1.01562500
-0.67578125
-1.10156250
-1.38281250
-0.96875000
-1.19531250
-1.23437500
-1.73437500
-1.07812500
-0.27734375
-0.91015625
-0.66406250
-0.25390625
-0.55859375
-0.48828125
-1.39062500
-0.67578125
-0.46484375
-0.33593750
-0.70703125
-0.21875000
-0.52734375
-0.92968750
-0.93750000
-0.47265625
-1.30859375
-0.41796875
-0.45703125
-2.48046875
-0.85156250
-0.62890625
-1.12109375
-0.43750000
-1.05078125
-0.85937500
-0.48437500
-0.79687500
-0.51953125
-0.67187500
-1.51953125
-0.58593750
-1.30078125
-0.27343750
-0.31250000
-0.28515625
-1.01953125
-0.35546875
