1111111111010011
1111111111111010
0000000000010110
1111111111111001
0000000001010110
1111111111110101
1111111111001101
0000000000001010
0000000000110000
1111111111111101
1111111111101010
0000000001001000
0000000000010000
0000000000000001
0000000000001110
1111111110110101
1111111111110100
0000000000111001
1111111111111011
0000000000000100
0000000000000101
1111111111001001
1111111111110111
1111111111010110
0000000000010010
1111111111111010
0000000000000000
0000000000100000
0000000000110100
1111111111111010
1111111111101001
0000000000010111
