1111111110010101
1111111111100000
0000000000001101
1111111111011010
0000000001100000
0000000000011010
1111111110100011
1111111111111010
0000000000011101
0000000000110110
1111111101110100
1111111111111000
1111111111001111
1111111111110110
0000000000001110
0000000000010010
0000000001001101
1111111111011001
1111111110101100
1111111110111100
1111111110100000
1111111110001000
0000000001011000
1111111111011010
0000000000101000
1111111110100100
0000000000001110
1111111111010000
1111111111110010
0000000000001010
1111111111101110
1111111110100101
