0000000000110011
0000000000000110
1111111111101000
0000000000110111
1111111111010010
0000000000101000
0000000001001111
1111111111101001
0000000000011111
1111111111100000
0000000000011001
1111111111001101
1111111111110100
1111111111011111
1111111111111111
0000000000010111
1111111111111011
1111111111110110
0000000000100100
1111111111110111
0000000000001100
0000000000010001
0000000000000111
0000000000100101
1111111111111000
0000000000001000
1111111111101001
0000000000000000
1111111111101001
1111111111111111
0000000000010001
0000000000000000
