0000000011110010
0000000101110001
0000000110000011
0000000101101010
0000000100111000
0000000101100101
0000000100011100
0000000011100011
0000000010110100
0000000100011111
0000000101011001
0000000101000011
0000000101101100
0000000101001001
0000000101100010
0000000110001110
0000000100100011
0000000101000000
0000000101001011
0000000011010100
0000000110001101
0000000100010011
0000000101001010
0000000101101111
0000000100111100
0000000101110010
0000000101110100
0000000011000010
0000000101100001
0000000101101111
0000000101111110
0000000110101011
