1111111111011101
1111111110001111
1111111110101001
1111111110111001
1111111101111011
1111111000111101
1111111100101010
1111111000110101
1111111100100110
1111111101011100
1111111010101111
1111111111100100
1111111100011111
1111111111000111
1111111110100101
1111111110100000
1111111101011101
1111111110101011
1111111100110100
1111111111000000
1111111110001100
1111111001100001
1111111011111100
1111111101000000
1111111100100110
1111111101101001
1111111011001111
1111111011110110
1111111110010111
1111111101011111
1111111110010111
1111111100011001
1111111010110000
1111111101010001
1111111101111011
1111111110110000
1111111011101010
1111111100101100
1111111001001000
1111111101111101
1111111110110100
1111111111000011
1111111110011011
1111111110110111
1111111110000010
1111111001010001
1111111111011000
1111111110011111
1111111110010010
1111111100010010
1111111110001101
1111111100010001
1111111011110011
1111111011110000
1111111101100101
1111111010011100
1111111100110001
1111111000100001
1111111100011111
1111111011000100
1111111111001110
1111111101001001
1111111100111100
1111111001101101
1111111111001001
1111111110100101
1111111100010001
1111111110010110
1111111101101010
1111111100001000
1111111100011001
1111111101111010
1111111011111101
1111111101000100
1111111110100111
1111111101111110
1111111011000100
1111111101011000
1111111110111011
1111111101001011
1111111011011101
1111111111000011
1111111110110001
1111111001010001
1111111100100111
1111111100100101
1111111101010101
1111111011111011
1111111000010011
1111111111000011
1111111110101010
1111111110100100
1111111101001000
1111111101011001
1111111110111001
1111111110001100
1111111110101101
1111111101001011
1111111110001001
1111111110001101
1111111110101111
1111111011011010
1111111110000110
1111111010111100
1111111101000100
1111111110001000
1111111010011100
1111111100001011
1111111100000001
1111111010010110
1111111101101111
1111111100011110
1111111100110000
1111111101111001
1111111111001111
1111111101011000
1111111110000100
1111111101011011
1111111100101010
1111111101000011
1111111100101010
1111111011000011
1111111100100000
1111111010000111
1111111011110111
1111111110100110
1111111110001000
1111111100001011
