0000000000011100
0000000000000000
0000000000000011
1111111111110100
1111111110111101
0000000000010010
0000000000101111
0000000000101100
0000000000001100
1111111111110101
1111111111101111
1111111111010110
1111111111110011
0000000000010001
0000000000001111
0000000000011000
0000000000011000
1111111111000111
0000000000011011
0000000000110001
0000000000000110
0000000000010011
0000000000010100
0000000000101101
1111111111100000
1111111111110110
1111111111110100
1111111111100110
1111111111111011
1111111111010010
0000000001000010
1111111111010000
