0000000100101111
0000000101011111
0000000100111100
0000000101000110
0000000100101001
0000000100010110
0000000100101101
0000000011011100
0000000100010011
0000000100110100
0000000101010010
0000000100100110
0000000101001111
0000000100110001
0000000100100100
0000000100111101
0000000100101000
0000000100110000
0000000100111001
0000000100000011
0000000101000100
0000000100010100
0000000100111010
0000000101010011
0000000100100101
0000000100111110
0000000100101011
0000000100010111
0000000100101000
0000000100110011
0000000100011111
0000000100011100
