0000000100000011
0000000101011011
0000000101011100
0000000101010000
0000000100110101
0000000100000100
0000000011111101
0000000011011101
0000000010101100
0000000100000010
0000000100110000
0000000100011100
0000000101001101
0000000100011100
0000000101010000
0000000100110100
0000000100011001
0000000100000101
0000000101000011
0000000011111000
0000000101011011
0000000011111011
0000000101010010
0000000100110010
0000000100001101
0000000100111001
0000000100011001
0000000011010101
0000000100101110
0000000100111010
0000000100111000
0000000100101101
