1111111100110100
1111111100011110
1111111100100101
1111111100111001
1111111011110010
1111111100110010
1111111100000101
1111111110101001
1111111110001101
1111111011101000
1111111110110111
1111111100101110
1111111011101111
1111111101011110
1111111001101101
1111111010010011
1111111100111011
1111111101101010
1111111010000101
1111111100000101
1111111010010000
1111111101010101
1111111100100010
1111111001101111
1111111000110010
1111111111010100
1111111011001010
1111111100111100
1111111010000111
1111111100111010
1111111110001000
1111111110110111
1111111001101110
1111111101100010
1111111100101110
1111111110100001
1111111010011100
1111111000011000
1111111100111010
1111111101111001
1111111011111001
1111111110111101
1111111101000101
1111111110111110
1111111000010000
1111111000011100
1111111110010010
1111111011001110
1111111110101011
1111111100101111
1111111101000100
1111111100010011
1111111011001000
1111111110001110
1111111110011011
1111111101101110
1111111011101100
1111111101110110
1111111100101101
1111111010101010
1111111100111110
1111111011111100
1111111011100100
1111111011001001
1111111110000001
1111111110010010
1111111111001010
1111111011111100
1111111010001000
1111111010110000
1111111110110001
1111111101101011
1111111001011110
1111110110111000
1111111101010011
1111111101111111
1111111011110010
1111111110101111
1111111010111010
1111111011110110
1111111110100001
1111111110000001
1111111011100100
1111111100011101
1111111100000010
1111111001100011
1111111110001000
1111111011111011
1111111100001011
1111111010111110
1111111100000011
1111111100011001
1111111110101010
1111111011001011
1111111110011100
1111111110011000
1111111101011100
1111111011011001
1111111101001111
0000000000000000
1111111110111011
1111111010011001
1111111010110101
1111111110010110
1111111001101011
1111111000011011
1111111110100100
1111111010100110
1111111011011001
1111111011010101
1111111100111000
1111111100010000
1111111110101101
1111111010001011
1111111111100100
1111111100100101
1111111101110001
1111111101100111
1111111110010100
1111111101101101
1111111111100000
1111111100110000
1111111111000001
1111111101111001
1111111011110011
1111111100101000
1111111100011111
1111111100010000
