0000000011111001
1111111100011010
1111111111100111
0000000001010111
0000000010010111
0000000010110111
1111111110100000
1111111011001001
0000000100100101
0000000011011100
0000000001101001
0000000111110010
0000000111100010
0000000110100011
0000000100100101
1111111110010001
1111111110011010
0000000110010010
0000001011000100
0000000111001111
0000000100110010
1111111111110000
0000000100110101
0000000110101000
1111111110111100
0000000110000001
0000001001111011
0000000110110100
0000000000000001
0000001000101110
0000000100100011
0000000010100010
0000000010000010
0000000000010100
1111111100111100
0000000110010111
0000000001100000
0000000001010100
0000000011001101
0000000110101011
0000000000110100
1111111101011110
0000000011110111
0000000011001100
1111111001101101
0000000100011101
0000000110011101
1111111101010000
