-0.33984375
-0.42578125
-0.23437500
-0.37109375
0.26562500
-0.03125000
-0.34375000
-0.43359375
-0.28906250
-0.03906250
-0.33203125
-0.46093750
-0.01953125
-0.01171875
-0.37500000
-0.33984375
0.03125000
0.14453125
-0.20703125
-0.13281250
-0.15625000
-0.39453125
0.14453125
-0.31640625
-0.41406250
-0.02343750
-0.21875000
-0.16015625
-0.01562500
-0.08203125
-0.37109375
-0.35546875
0.16015625
-0.31640625
0.29296875
-0.19531250
0.11718750
-0.01953125
0.01171875
-0.02343750
-0.28515625
0.14453125
0.02734375
-0.03125000
0.18750000
0.01953125
0.00000000
0.26953125
