0.25000000
-0.13671875
0.04296875
-0.28515625
-0.28515625
0.16406250
0.01562500
-0.06250000
0.28125000
-0.24218750
-0.09765625
0.21093750
-0.51562500
0.01171875
-0.14453125
-0.01171875
-0.21484375
-0.12109375
-0.12109375
-0.25000000
0.05859375
0.19921875
-0.26562500
0.37109375
-0.13671875
-0.48046875
-0.31640625
-0.29687500
0.41796875
-0.06640625
-0.21093750
0.21093750
0.00781250
-0.15234375
0.01171875
-0.14843750
0.46875000
0.09375000
0.19921875
0.51562500
0.01562500
0.06250000
0.04687500
0.15625000
-0.17187500
0.20703125
-0.12109375
-0.23046875
-0.39062500
-0.05078125
-0.08203125
0.24218750
0.21875000
0.10156250
-0.01953125
-0.05468750
-0.15234375
0.65625000
0.01562500
0.10546875
-0.24609375
-0.28515625
0.01171875
-0.17968750
0.15234375
-0.22265625
0.06640625
-0.02343750
0.26171875
0.17578125
-0.21484375
0.07421875
-0.04296875
-0.07421875
0.00000000
-0.02343750
0.06250000
-0.35937500
0.17968750
-0.07812500
-0.08203125
-0.06250000
-0.23828125
-0.37109375
0.12109375
-0.39843750
-0.20312500
-0.35156250
-0.03515625
0.31250000
-0.12109375
0.05859375
-0.14843750
0.18750000
0.32812500
-0.16406250
