0.23437500
0.00781250
-0.05468750
0.26953125
0.16406250
-0.02343750
0.03515625
0.08593750
0.24218750
0.19140625
-0.20312500
-0.21093750
0.16015625
-0.29296875
-0.14453125
0.24609375
-0.16796875
-0.13671875
0.12500000
0.16796875
-0.09375000
-0.23828125
0.10546875
0.17578125
-0.23046875
0.17187500
0.13281250
0.17187500
-0.12109375
0.03515625
-0.11718750
-0.19921875
-0.10546875
0.04296875
0.01953125
-0.13281250
0.21484375
-0.06250000
0.04687500
0.28906250
0.14453125
-0.24609375
0.20703125
-0.29687500
-0.08203125
-0.29687500
-0.05859375
-0.16406250
0.27734375
-0.15625000
-0.17578125
-0.12109375
-0.12109375
-0.28515625
-0.04296875
-0.10156250
0.08984375
0.25781250
-0.12500000
0.10546875
0.04687500
-0.16406250
-0.16015625
0.12890625
0.19531250
0.00000000
0.06640625
0.04687500
0.08593750
0.12109375
0.03515625
-0.10156250
-0.22656250
0.03906250
-0.13671875
0.13281250
0.05078125
0.17187500
0.03515625
0.02343750
0.12890625
0.00000000
0.09375000
0.25781250
-0.01953125
0.02343750
-0.25000000
0.16406250
0.07421875
-0.19140625
-0.28515625
-0.22265625
0.08203125
-0.16406250
-0.24218750
-0.17187500
