1111111110101001
1111111110010011
1111111111000100
1111111110100001
0000000001000100
1111111111111000
1111111110101000
1111111110010001
1111111110110110
1111111111110110
1111111110101011
1111111110001010
1111111111111011
1111111111111101
1111111110100000
1111111110101001
0000000000001000
0000000000100101
1111111111001011
1111111111011110
1111111111011000
1111111110011011
0000000000100101
1111111110101111
1111111110010110
1111111111111010
1111111111001000
1111111111010111
1111111111111100
1111111111101011
1111111110100001
1111111110100101
0000000000101001
1111111110101111
0000000001001011
1111111111001110
0000000000011110
1111111111111011
0000000000000011
1111111111111010
1111111110110111
0000000000100101
0000000000000111
1111111111111000
0000000000110000
0000000000000101
0000000000000000
0000000001000101
