0000000001000000
1111111111011101
0000000000001011
1111111110110111
1111111110110111
0000000000101010
0000000000000100
1111111111110000
0000000001001000
1111111111000010
1111111111100111
0000000000110110
1111111101111100
0000000000000011
1111111111011011
1111111111111101
1111111111001001
1111111111100001
1111111111100001
1111111111000000
0000000000001111
0000000000110011
1111111110111100
0000000001011111
1111111111011101
1111111110000101
1111111110101111
1111111110110100
0000000001101011
1111111111101111
1111111111001010
0000000000110110
0000000000000010
1111111111011001
0000000000000011
1111111111011010
0000000001111000
0000000000011000
0000000000110011
0000000010000100
0000000000000100
0000000000010000
0000000000001100
0000000000101000
1111111111010100
0000000000110101
1111111111100001
1111111111000101
1111111110011100
1111111111110011
1111111111101011
0000000000111110
0000000000111000
0000000000011010
1111111111111011
1111111111110010
1111111111011001
0000000010101000
0000000000000100
0000000000011011
1111111111000001
1111111110110111
0000000000000011
1111111111010010
0000000000100111
1111111111000111
0000000000010001
1111111111111010
0000000001000011
0000000000101101
1111111111001001
0000000000010011
1111111111110101
1111111111101101
0000000000000000
1111111111111010
0000000000010000
1111111110100100
0000000000101110
1111111111101100
1111111111101011
1111111111110000
1111111111000011
1111111110100001
0000000000011111
1111111110011010
1111111111001100
1111111110100110
1111111111110111
0000000001010000
1111111111100001
0000000000001111
1111111111011010
0000000000110000
0000000001010100
1111111111010110
