-0.43750000
-1.35937500
-0.57421875
0.58984375
-1.22656250
0.40625000
-0.30859375
0.16796875
-0.05468750
-1.28906250
-0.14062500
-0.69531250
-1.78515625
0.27343750
-1.05859375
-0.75781250
-0.45703125
-0.34765625
-0.59375000
-0.32812500
-0.05859375
2.38281250
0.00390625
-0.33203125
1.46875000
-1.69140625
1.32421875
-1.07031250
-2.02734375
-0.28906250
-1.63281250
-0.66796875
-0.01171875
-1.17968750
0.04687500
2.18750000
-1.61718750
-1.64453125
-1.55468750
-1.75000000
1.32421875
-1.67578125
0.37500000
0.17187500
-0.49609375
-1.10937500
0.86718750
-0.93750000
-1.67187500
-0.37890625
2.65625000
-2.56640625
-0.60546875
1.28125000
-0.51562500
0.90625000
-0.23828125
-0.40234375
1.06640625
0.05078125
0.21875000
-0.23437500
1.22265625
0.44921875
0.63671875
2.08984375
-1.06640625
1.21484375
0.31640625
0.58593750
-0.57031250
-0.03125000
0.87500000
-0.96093750
-1.30468750
-0.29296875
-0.66796875
-2.48828125
-1.37109375
0.03125000
0.48437500
0.27343750
-0.96875000
-0.12890625
1.59765625
-1.39843750
1.37109375
1.05078125
-0.52734375
-0.23828125
1.72656250
0.89843750
-0.00390625
0.63281250
-0.77734375
-0.87109375
