1111111110010000
1111111010100100
1111111101101101
0000000010010111
1111111011000110
0000000001101000
1111111110110001
0000000000101011
1111111111110010
1111111010110110
1111111111011100
1111111101001110
1111111000110111
0000000001000110
1111111011110001
1111111100111110
1111111110001011
1111111110100111
1111111101101000
1111111110101100
1111111111110001
0000001001100010
0000000000000001
1111111110101011
0000000101111000
1111111001001111
0000000101010011
1111111011101110
1111110111111001
1111111110110110
1111111001011110
1111111101010101
1111111111111101
1111111011010010
0000000000001100
0000001000110000
1111111001100010
1111111001011011
1111111001110010
1111111001000000
0000000101010011
1111111001010011
0000000001100000
0000000000101100
1111111110000001
1111111011100100
0000000011011110
1111111100010000
1111111001010100
1111111110011111
0000001010101000
1111110101101111
1111111101100101
0000000101001000
1111111101111100
0000000011101000
1111111111000011
1111111110011001
0000000100010001
0000000000001101
0000000000111000
1111111111000100
0000000100111001
0000000001110011
0000000010100011
0000001000010111
1111111011101111
0000000100110111
0000000001010001
0000000010010110
1111111101101110
1111111111111000
0000000011100000
1111111100001010
1111111010110010
1111111110110101
1111111101010101
1111110110000011
1111111010100001
0000000000001000
0000000001111100
0000000001000110
1111111100001000
1111111111011111
0000000110011001
1111111010011010
0000000101011111
0000000100001101
1111111101111001
1111111111000011
0000000110111010
0000000011100110
1111111111111111
0000000010100010
1111111100111001
1111111100100001
