0000000000111100
0000000000000010
1111111111110010
0000000001000101
0000000000101010
1111111111111010
0000000000001001
0000000000010110
0000000000111110
0000000000110001
1111111111001100
1111111111001010
0000000000101001
1111111110110101
1111111111011011
0000000000111111
1111111111010101
1111111111011101
0000000000100000
0000000000101011
1111111111101000
1111111111000011
0000000000011011
0000000000101101
1111111111000101
0000000000101100
0000000000100010
0000000000101100
1111111111100001
0000000000001001
1111111111100010
1111111111001101
1111111111100101
0000000000001011
0000000000000101
1111111111011110
0000000000110111
1111111111110000
0000000000001100
0000000001001010
0000000000100101
1111111111000001
0000000000110101
1111111110110100
1111111111101011
1111111110110100
1111111111110001
1111111111010110
0000000001000111
1111111111011000
1111111111010011
1111111111100001
1111111111100001
1111111110110111
1111111111110101
1111111111100110
0000000000010111
0000000001000010
1111111111100000
0000000000011011
0000000000001100
1111111111010110
1111111111010111
0000000000100001
0000000000110010
0000000000000000
0000000000010001
0000000000001100
0000000000010110
0000000000011111
0000000000001001
1111111111100110
1111111111000110
0000000000001010
1111111111011101
0000000000100010
0000000000001101
0000000000101100
0000000000001001
0000000000000110
0000000000100001
0000000000000000
0000000000011000
0000000001000010
1111111111111011
0000000000000110
1111111111000000
0000000000101010
0000000000010011
1111111111001111
1111111110110111
1111111111000111
0000000000010101
1111111111010110
1111111111000010
1111111111010100
