0.97265625
-0.89843750
-0.09765625
0.33984375
0.58984375
0.71484375
-0.37500000
-1.21484375
1.14453125
0.85937500
0.41015625
1.94531250
1.88281250
1.63671875
1.14453125
-0.43359375
-0.39843750
1.57031250
2.76562500
1.80859375
1.19531250
-0.06250000
1.20703125
1.65625000
-0.26562500
1.50390625
2.48046875
1.70312500
0.00390625
2.17968750
1.13671875
0.63281250
0.50781250
0.07812500
-0.76562500
1.58984375
0.37500000
0.32812500
0.80078125
1.66796875
0.20312500
-0.63281250
0.96484375
0.79687500
-1.57421875
1.11328125
1.61328125
-0.68750000
